   [1] 1 1 1 1 2 2 3 2 2 2 1 2 2 2 3 3 2 3 2 2 2 2 2 2 2 2 3 3 3 2 3 1 4 1 4 3 2 1 2 1 3 3 1 1 2 2 2 2 1 1 2
  [52] 2 2 1 2 2 2 1 1 2 5 3 4 4 4 2 4 2 4 1 4 2 1 1 2 2 1 2 2 1 2 2 2 1 3 3 3 4 4 1 4 1 1 2 2 1 2 4 2 2 2 2
 [103] 3 2 1 4 1 3 2 3 2 2 4 1 4 4 4 2 3 2 2 2 1 4 4 4 4 3 2 2 2 2 4 1 2 2 2 1 2 3 3 3 3 4 1 1 2 2 1 2 2 2 2
 [154] 2 2 2 2 3 3 2 2 2 3 5 1 2 4 1 1 2 2 3 4 4 2 2 2 2 2 2 1 2 1 1 1 3 1 2 2 2 1 1 2 2 2 4 2 2 2 2 2 4 1 2
 [205] 2 4 2 2 2 2 4 2 2 2 2 4 4 5 6 6 2 4 2 2 2 2 1 1 1 2 2 4 2 2 2 2 2 2 2 2 2 2 3 3 3 3 2 2 1 1 1 4 4 4 4
 [256] 2 1 2 2 2 2 6 5 2 4 1 1 4 2 2 2 2 2 2 2 2 2 2 2 2 2 2 2 1 6 6 4 2 2 2 2 2 4 4 4 5 5 5 2 2 1 4 1 3 4 5
 [307] 4 4 4 1 4 4 2 3 3 3 3 1 2 1 1 2 2 2 2 2 2 3 3 2 2 3 2 3 3 2 2 2 1 2 2 2 3 3 3 4 4 4 4 4 3 2 2 2 2 1 2
 [358] 4 4 4 3 4 2 2 2 4 2 2 1 1 2 3 4 4 4 2 2 1 1 1 2 1 4 4 1 4 2 2 2 4 2 3 2 4 2 3 3 3 2 2 2 2 2 2 2 2 2 2
 [409] 1 4 2 2 2 4 3 4 4 2 2 2 4 3 2 2 2 4 1 6 5 5 2 2 2 2 2 2 3 2 1 2 2 1 2 2 2 4 6 1 2 2 7 2 4 4 4 2 1 1 1
 [460] 3 2 2 2 2 2 2 2 1 2 2 1 5 4 4 2 4 2 2 2 2 2 2 2 2 4 2 3 3 3 2 2 2 2 3 4 1 1 2 3 1 1 3 2 2 2 2 4 2 2 2
 [511] 2 4 5 2 2 2 3 2 2 2 1 2 4 2 2 2 1 4 2 2 2 1 1 2 2 2 3 2 1 1 1 4 3 2 2 2 5 2 2 2 2 1 3 2 2 1 4 2 3 3 3
 [562] 1 2 2 2 5 5 2 2 2 1 1 2 2 2 2 3 2 2 2 2 2 2 2 2 5 4 4 1 2 1 2 2 2 3 2 3 3 3 1 1 2 2 2 1 4 2 1 1 1 2 2
 [613] 2 2 2 1 2 2 2 1 3 2 2 3 2 2 2 2 1 2 1 2 3 4 4 5 5 4 4 4 5 6 6 3 2 2 2 2 2 2 3 3 3 1 2 2 3 3 2 2 4 4 4
 [664] 2 1 2 3 3 1 2 4 4 4 2 3 2 2 6 4 2 2 2 4 4 2 2 1 1 5 5 5 4 3 2 2 1 2 1 1 1 2 2 2 2 2 2 2 2 2 2 4 2 3 3
 [715] 3 3 3 2 2 2 2 3 2 2 2 5 4 4 4 3 3 3 3 2 2 5 1 1 1 2 3 2 1 1 2 2 1 3 3 3 2 1 1 1 1 2 3 3 3 3 6 3 2 2 2
 [766] 2 4 4 4 4 3 4 4 4 4 4 4 5 7 4 2 3 2 3 2 2 2 1 2 4 4 4 1 2 1 1 1 2 3 2 2 2 2 3 2 2 2 2 5 2 2 2 2 2 2 2
 [817] 2 3 1 4 1 2 2 2 4 3 2 2 2 3 2 2 2 3 2 4 2 1 2 2 2 2 2 2 3 2 3 3 3 3 1 3 1 2 2 1 2 3 2 2 2 2 3 3 3 3 2
 [868] 3 1 1 1 2 4 3 2 2 2 2 2 3 3 3 3 3 2 2 1 1 2 4 2 3 2 2 4 3 2 2 2 4 3 3 3 3 1 6 2 2 2 2 2 6 7 7 4 1 2 2
 [919] 2 4 2 2 2 2 4 4 5 4 4 2 1 2 6 3 2 2 2 2 2 2 2 2 2 2 2 2 2 4 4 4 4 4 1 2 1 1 1 4 2 2 2 4 2 2 2 2 1 3 2
 [970] 2 2 4 2 7 2 2 2 2 2 4 1 2 1 2 2 2 2 2 2 2 2 2 2 2 3 2 3 3 3 2 4 5 4 2 2 1 1 1 2 4 7 6 6 3 2 2 3 3 2 3
[1021] 2 2 2 4 1 3 3 2 4 2 2 2 2 1 4 2 2 1 1 4 2 2 2 2 1 1 4 1 3 3 3 1 5 4 4 4 3 1 4 4 1 5 4 6 7 7 4 2 2 4 2
[1072] 1 3 2 2 2 2 3 2 2 2 2 1 2 2 2 3 4 2 2 1 3 3 4 4 2 4 1 2 2 2 2 2 1 1 2 1 1 1 1 1 3 3 2 2 2 2 1 2 2 2 4
[1123] 2 1 1 1 4 3 2 2 2 4 3 1 2 3 2 4 4 1 2 3 2 2 2 4 2 2 4 1 1 3 1 1 1 5 4 4 1 2 1 2 2 4 2 2 2 2 4 4 2 2 2
[1174] 3 3 1 5 4 2 2 2 2 2 2 2 2 2 4 2 2 2 2 2 1 3 2 2 4 2 1 1 1 3 3 3 3 2 1 2 2 2 2 2 1 1 5 3 2 1 1 1 4 6 6
[1225] 5 4 3 1 2 2 2 2 3 3 2 2 2 1 1 3 5 2 1 2 2 3 4 4 4 6 2 2 2 2 3 2 2 3 1 3 2 2 2 3 2 2 2 1 1 3 2 2 2 2 2
[1276] 2 2 2 1 3 2 2 2 3 2 1 2 2 3 2 1 1 2 1 3 2 2 2 2 3 2 2 2 3 1 4 4 1 2 3 2 2 2 1 2 2 2 2 2 1 1 1 2 2 3 3
[1327] 3 3 2 4 1 1 1 4 4 1 3 2 2 1 1 1 4 6 6 6 6 3 2 2 2 2 2 3 3 2 3 2 1 2 2 2 4 1 2 2 2 5 2 2 2 2 2 3 2 2 2
[1378] 4 2 2 2 2 4 3 1 1 1 2 4 5 4 4 2 2 2 2 2 2 1 4 5 5 4 4 1 1 2 1 2 4 1 1 1 3 1 1 1 1 2 5 5 4 3 2 1 4 4 1
[1429] 4 4 6 4 1 4 1 1 1 3 3 3 3 3 2 1 2 2 2 1 2 2 2 2 1 1 1 4 1 1 2 2 1 2 4 2 4 4 4 2 2 2 2 2 4 2 1 1 1 3 4
[1480] 4 4 4 1 1 2 2 2 5 4 2 4 3 1 1 4 4 1 2 4 4 2 2 2 4 2 2 2 2 1 1 4 4 4 4 1 2 2 2 3 4 1 1 1 4 2 3 2 2 1 2
[1531] 4 5 4 4 4 2 2 2 2 2 2 4 2 2 2 4 4 2 2 2 2 1 1 1 1 4 1 5 6 5 2 5 1 2 2 2 2 2 4 4 1 1 2 5 2 1 1 1 2 4 4
[1582] 4 4 1 4 2 1 1 2 3 2 2 2 2 4 2 2 1 2 6 6 5 5 5 2 4 2 2 2 2 2 6 6 6 2 2 2 2 2 2 3 2 1 2 1 4 2 2 2 3 3 2
[1633] 3 2 1 2 3 2 2 2 1 1 1 2 2 2 2 1 2 2 1 2 2 1 4 1 1 4 2 2 2 1 1 2 2 2 2 2 4 2 1 1 2 1 2 5 5 5 4 2 2 2 2
[1684] 3 2 3 2 3 3 4 2 2 2 2 4 1 1 1 4 2 2 2 2 4 4 2 2 2 4 1 2 2 2 4 2 2 2 2 3 3 3 2 4 1 6 6 5 2 2 2 2 2 1 4
[1735] 1 4 4 2 1 2 2 2 1 1 1 1 2 2 5 4 4 1 2 2 2 2 2 3 4 2 2 2 2 2 3 3 3 2 6 2 1 2 2 3 3 3 3 3 4 4 2 1 1 1 1
[1786] 3 2 2 1 2 2 1 2 2 2 2 4 4 5 5 2 2 1 2 2 2 2 2 2 4 3 2 1 2 2 1 3 3 3 1 1 2 2 2 2 1 1 7 7 4 2 2 2 2 2 3
[1837] 1 1 1 2 4 5 5 3 3 2 3 3 3 2 2 2 4 1 1 1 2 3 2 2 2 2 2 1 1 1 4 2 2 2 2 2 4 2 2 2 3 4 1 4 1 2 4 2 2 2 4
[1888] 4 6 7 4 4 5 2 4 5 2 2 2 2 2 2 2 2 2 4 2 2 1 2 2 3 3 2 4 1 4 1 4 4 5 4 4 4 2 2 2 1 2 2 2 2 2 4 2 2 2 1
[1939] 4 4 2 1 4 3 2 2 2 2 4 2 1 1 1 2 2 2 2 2 2 3 2 2 4 3 2 1 2 2 2 6 4 1 1 1 3 4 2 2 2 2 4 4 2 2 2 1 1 1 4
[1990] 5 2 1 1 1 4 1 1 1 1 2 1 1 4 2 2 2 2 2 2 1 2 2 2 2 1 1 1 2 1 2 2 2 1 4 2 2 2 2 4 2 2 4 4 1 1 1 2 2 2 1
[2041] 2 2 4 4 4 2 2 1 1 1 2 2 3 2 4 1 1 2 2 2 1 1 2 3 2 3 3 2 4 2 5 5 5 4 2 2 2 2 3 1 2 2 2 4 2 2 2 2 2 3 2
[2092] 2 2 1 2 2 2 2 2 1 2 2 2 1 3 2 2 2 1 4 4 1 2 4 2 2 1 1 2 2 2 2 1 2 2 2 2 2 3 3 3 2 3 1 3 2 3 2 3 2 2 2
[2143] 3 2 2 2 3 2 2 2 2 2 3 1 2 2 2 3 2 2 2 2 1 2 2 2 3 1 2 2 2 2 4 2 3 3 3 1 4 1 2 2 2 2 2 2 2 4 4 1 4 1 2
[2194] 3 3 3 3 4 1 2 2 2 2 2 2 2 3 1 2 2 2 2 4 2 2 2 2 5 5 5 2 2 4 4 4 1 3 3 2 1 1 2 2 3 1 1 3 2 2 2 2 2 1 1
[2245] 2 2 1 1 2 2 1 3 1 1 1 3 4 3 2 2 2 2 3 2 2 2 2 2 2 1 4 4 2 1 4 1 2 2 2 2 1 2 2 2 2 3 3 3 3 3 3 3 2 2 2
[2296] 4 2 5 5 4 4 1 5 7 6 1 2 2 2 2 5 4 2 2 2 2 2 3 3 3 1 4 2 2 4 2 3 4 6 4 1 1 1 1 2 4 4 4 2 1 2 2 2 3 3 3
[2347] 2 3 2 2 2 2 2 2 2 2 4 2 2 2 2 4 3 4 4 4 1 4 8 3 3 2 2 2 1 1 2 2 2 3 3 2 4 3 2 2 2 2 2 2 1 1 2 2 1 2 2
[2398] 2 2 2 2 1 1 2 2 3 2 2 2 2 2 2 2 4 4 4 4 4 1 2 3 3 3 1 2 2 2 2 1 2 1 1 2 1 4 4 4 4 2 2 2 2 2 1 4 1 1 2
[2449] 4 2 2 2 4 2 2 2 2 8 1 2 1 1 1 3 3 2 2 2 2 2 3 1 1 1 2 1 1 1 2 2 2 1 4 1 2 3 1 1 3 2 2 3 2 2 2 2 2 2 2
[2500] 4 2 2 2 2 2 2 1 2 2 2 3 3 1 1 2 2 5 2 2 2 1 2 2 2 2 4 1 4 5 5 2 3 2 2 2 1 1 4 5 4 1 4 2 2 2 4 2 2 2 2
[2551] 3 2 2 2 2 3 3 3 3 3 2 2 3 2 2 4 2 1 4 1 1 3 2 2 2 3 1 1 1 4 1 2 2 2 2 2 2 3 1 4 4 4 4 2 3 3 5 2 2 2 2
[2602] 1 2 1 1 1 3 3 3 2 2 3 2 2 3 1 5 4 1 2 1 1 2 3 2 3 3 3 2 1 3 2 3 2 2 3 1 1 1 3 1 3 3 3 3 2 2 2 1 2 2 2
[2653] 3 3 3 2 4 2 2 2 2 2 2 2 2 1 1 2 2 2 2 2 2 2 2 2 2 2 4 1 5 4 4 2 4 3 3 4 2 2 2 1 2 1 2 2 1 2 1 1 2 2 4
[2704] 2 2 2 2 5 5 5 2 4 2 1 1 1 3 2 2 2 6 2 1 4 1 1 4 5 4 4 1 3 4 4 2 2 2 2 2 3 2 3 3 3 3 1 2 2 2 2 1 2 2 2
[2755] 4 2 2 2 2 1 1 4 4 1 1 2 4 5 5 5 8 5 4 4 3 3 3 2 2 3 2 1 2 4 2 2 1 2 3 2 1 1 2 4 3 2 2 2 1 3 2 2 2 1 2
[2806] 1 1 2 3 3 2 1 1 4 4 1 1 1 4 2 1 4 1 2 2 2 2 2 2 2 1 2 2 2 3 2 2 2 2 1 2 2 1 1 4 2 2 2 2 1 3 3 3 3 3 1
[2857] 3 3 3 3 3 5 2 2 2 3 5 1 4 2 2 2 2 3 1 2 2 2 1 3 2 1 2 2 2 2 1 2 3 3 3 2 2 3 3 2 3 1 2 2 2 2 3 4 4 4 3
[2908] 2 1 1 2 2 2 2 2 2 2 1 5 2 2 3 2 2 2 2 2 4 5 4 3 2 3 3 3 5 2 2 4 1 1 4 1 1 1 2 2 2 2 2 2 2 2 1 3 3 3 2
[2959] 4 1 2 2 2 4 2 2 2 2 4 1 1 2 2 2 2 5 1 2 2 2 2 2 2 4 2 2 4 2 2 3 1 2 4 4 4 4 1 1 1 2 1 1 2 3 2 2 2 2 4
[3010] 1 2 1 2 3 1 2 2 3 3 3 2 2 1 3 4 1 2 2 2 4 4 5 4 4 2 2 2 2 4 2 2 2 2 1 2 3 3 3 3 2 3 3 3 2 4 3 3 2 2 2
[3061] 2 2 2 4 3 3 3 3 3 2 2 1 1 2 4 1 4 1 2 2 3 3 3 2 4 2 1 1 1 3 3 3 3 3 1 1 1 1 2 4 1 2 2 2 3 3 3 3 3 4 1
[3112] 2 1 1 2 2 2 2 2 3 1 2 2 1 3 1 2 2 5 4 4 4 2 1 1 1 4 3 1 2 2 2 2 2 2 2 2 2 1 2 2 2 2 1 1 2 2 2 2 1 2 2
[3163] 2 7 2 2 2 2 2 4 1 1 2 2 3 2 2 2 2 2 1 2 1 1 2 2 4 4 4 2 2 1 5 2 1 2 2 2 2 2 2 1 1 5 5 5 5 2 2 2 2 3 1
[3214] 1 2 1 2 2 2 2 1 3 2 2 1 3 2 2 3 2 4 2 2 2 3 6 2 1 1 3 4 2 2 2 2 4 2 2 2 2 2 2 1 2 2 2 2 3 3 3 8 5 2 2
[3265] 3 3 2 4 2 2 2 2 4 2 2 2 2 1 4 2 2 2 3 1 1 1 1 2 6 4 4 1 2 2 4 3 2 2 2 4 2 2 2 2 3 2 1 1 2 4 4 2 2 2 3
[3316] 3 2 2 2 4 4 1 1 2 2 4 4 5 4 1 3 2 2 2 4 4 6 6 4 2 4 2 2 2 2 1 2 2 2 2 1 2 2 2 7 7 7 3 1 2 2 2 2 1 1 1
[3367] 1 1 4 1 2 1 1 1 1 4 1 2 2 2 4 3 2 3 3 3 3 2 2 4 5 4 1 2 2 3 3 2 1 1 1 3 2 2 1 2 4 2 6 6 6 2 1 4 2 1 1
[3418] 4 1 4 4 4 2 2 2 5 2 1 1 1 5 2 5 5 5 1 2 1 1 2 2 3 2 2 2 2 1 3 4 4 4 4 5 3 4 3 3 3 3 2 2 2 2 5 4 2 2 2
[3469] 5 4 3 3 3 4 3 2 2 2 3 2 4 4 4 1 2 2 1 1 1 4 2 2 2 1 4 2 2 3 3 3 2 1 1 1 3 1 1 1 5 2 2 2 2 2 5 2 2 2 2
[3520] 2 2 4 2 2 2 2 3 2 3 3 3 1 1 4 1 1 1 2 2 3 3 2 1 3 2 2 2 3 4 2 2 2 2 3 3 3 2 3 3 3 3 2 4 2 2 2 3 3 2 4
[3571] 4 4 1 1 4 4 4 3 2 2 2 2 3 1 2 2 4 6 3 4 2 2 2 3 2 2 2 2 3 1 2 2 2 2 3 2 3 3 3 4 4 4 1 2 2 1 1 2 2 2 1
[3622] 2 1 2 2 1 1 4 4 1 4 1 2 2 1 1 1 2 2 2 1 2 1 1 1 2 3 3 3 2 2 1 1 2 1 4 1 1 2 1 3 2 1 2 3 1 1 1 2 2 2 2
[3673] 2 1 3 2 3 3 5 2 2 2 1 5 4 4 4 4 1 2 2 2 1 4 2 2 2 2 3 3 2 3 2 3 4 4 1 1 3 1 2 2 4 2 2 2 2 3 2 2 2 2 2
[3724] 1 1 1 2 2 1 3 2 2 2 3 1 2 1 2 4 1 8 8 2 2 2 2 2 3 3 2 2 2 2 1 2 2 2 4 3 3 3 3 4 1 2 2 5 5 6 7 3 1 2 2
[3775] 2 1 2 1 2 1 3 1 7 7 6 3 2 2 2 2 4 4 1 4 4 4 2 2 2 2 2 1 2 2 2 3 4 4 4 4 1 3 3 3 4 2 2 2 2 2 3 2 2 2 2
[3826] 2 1 2 2 1 1 2 2 2 2 4 2 2 2 4 1 2 2 2 2 2 2 2 2 1 1 1 1 4 2 2 2 2 1 4 2 2 2 1 5 1 1 1 2 2 7 7 7 3 1 4
[3877] 4 4 4 2 4 4 1 1 2 1 2 2 2 2 2 3 1 2 2 2 2 2 3 3 2 2 3 2 1 2 4 1 1 2 2 4 4 2 2 2 3 3 2 3 2 1 3 3 3 3 5
[3928] 2 2 2 3 2 3 3 3 4 2 2 4 2 2 1 1 1 2 4 3 3 3 3 3 1 1 2 2 1 2 1 2 3 1 2 2 2 8 3 2 2 2 2 6 4 4 4 2 1 1 1
[3979] 2 2 2 5 5 5 4 4 5 6 5 1 2 1 1 2 1 1 2 2 2 3 2 2 2 2 3 4 7 7 7 5 3 5 6 5 5 4 2 2 2 3 3 3 3 4 2 3 3 3 2
[4030] 4 2 2 2 4 2 2 2 2 2 1 2 2 2 2 2 2 2 4 4 2 2 2 3 3 2 2 2 3 2 2 2 2 1 4 2 2 2 3 1 6 7 6 2 2 1 1 2 3 2 2
[4081] 2 2 3 3 1 2 3 4 1 2 2 2 1 2 1 4 1 3 2 3 2 2 4 3 4 5 1 2 4 2 2 2 5 4 1 1 4 1 2 2 2 2 3 2 2 2 2 3 2 2 2
[4132] 4 2 2 2 2 3 2 2 2 2 2 2 2 2 2 1 2 2 3 5 4 5 5 1 2 4 4 4 2 2 4 4 1 2 1 4 5 4 1 2 6 6 6 3 1 3 2 2 1 1 1
[4183] 4 4 4 4 2 2 4 1 4 3 2 2 3 2 1 2 2 2 2 5 6 4 1 2 1 2 2 2 2 2 2 2 2 2 2 1 1 6 1 1 2 1 2 2 2 2 2 2 2 2 2
[4234] 1 1 2 3 2 1 4 4 8 2 2 2 2 2 1 4 5 5 4 2 3 2 2 2 4 3 3 3 3 1 1 1 3 2 2 2 1 1 1 4 4 4 1 5 5 5 1 2 2 1 2
[4285] 2 3 3 3 3 1 4 2 2 2 5 4 2 2 2 3 2 2 2 2 3 1 2 2 2 4 1 1 4 2 2 2 2 2 2 2 2 2 3 3 3 1 1 3 4 1 3 2 3 2 3
[4336] 1 1 2 1 2 1 3 2 2 1 3 2 1 4 3 2 2 2 4 2 2 4 3 4 2 2 1 4 1 2 2 1 3 4 2 2 2 4 2 2 2 2 2 1 1 1 4 2 2 2 4
[4387] 2 2 1 2 3 2 2 2 3 2 2 2 2 3 1 2 2 2 2 2 1 2 2 1 4 1 1 2 2 2 3 3 3 4 4 1 1 2 4 2 1 1 1 4 3 2 2 2 1 2 2
[4438] 2 2 1 2 2 2 2 3 2 2 2 2 2 2 1 2 2 2 1 4 4 1 2 2 2 2 4 4 2 2 2 2 2 1 1 2 2 2 2 2 2 1 2 4 4 4 2 2 2 2 4
[4489] 4 4 4 2 1 4 4 4 2 4 2 2 2 2 4 2 2 2 2 2 2 2 2 2 2 2 2 2 2 1 2 3 3 4 2 2 2 2 5 2 3 3 2 2 4 2 3 3 2 1 2
[4540] 2 2 2 1 3 3 3 2 3 3 2 2 1 2 2 3 2 2 2 2 2 2 2 2 2 1 2 2 2 2 2 1 4 1 1 2 2 1 1 1 1 2 3 3 3 2 1 1 1 1 2
[4591] 3 5 5 5 2 3 2 2 2 4 2 2 2 2 1 3 2 2 2 3 3 2 2 2 2 4 2 2 2 1 1 3 5 5 5 3 5 5 4 1 2 3 1 2 2 1 3 2 2 3 1
[4642] 2 2 2 2 2 2 2 2 2 1 4 4 4 4 1 4 2 2 2 3 2 2 2 2 2 2 2 2 2 2 3 3 2 3 2 5 5 5 3 1 2 2 2 2 2 2 2 2 2 3 1
[4693] 4 4 2 4 3 2 3 3 3 2 2 2 2 2 1 1 1 2 4 2 2 2 2 2 2 3 6 2 2 2 2 3 2 1 1 4 4 6 4 2 2 2 2 3 2 2 2 2 3 2 2
[4744] 2 4 2 1 1 4 3 2 2 3 2 5 2 1 1 4 3 2 2 2 2 4 4 3 3 3 1 2 2 2 1 4 1 1 2 6 1 1 1 4 2 4 4 4 5 6 1 1 1 3 2
[4795] 3 2 2 2 4 5 1 7 8 2 2 2 1 1 2 5 2 2 2 2 1 2 2 2 2 1 2 2 2 4 3 1 1 4 4 2 2 2 2 2 2 2 3 3 2 2 2 2 2 2 2
[4846] 2 2 2 2 4 2 2 2 2 1 2 2 1 2 4 1 2 1 2 2 2 2 5 2 2 1 1 1 3 3 3 3 5 2 3 3 3 1 3 2 2 2 2 3 2 2 2 3 2 1 2
[4897] 2 3 1 2 2 2 2 2 1 1 1 3 3 1 1 2 4 2 2 3 3 2 1 2 2 2 5 2 7 8 7 1 1 2 4 4 4 4 3 4 5 5 5 2 1 6 7 6 2 2 2
[4948] 2 2 1 2 4 1 2 4 5 5 5 4 2 4 2 2 2 3 2 3 2 2 1 2 4 4 4 4 1 4 5 4 4 3 1 1 1 2 4 2 2 1 4 4 4 4 2 3 2 2 2
[4999] 2 1 2 2 2 1 4 2 2 2 3 4 2 1 2 3 1 2 2 2 3 3 2 2 4 4 2 2 2 4 4 4 4 4 1 4 5 7 6 4 2 5 6 6 4 5 5 6 2 2 2
[5050] 2 2 4 1 2 2 2 3 1 1 1 2 4 3 3 3 3 3 2 2 2 2 3 4 4 4 1 7 7 6 4 2 2 4 5 2 1 2 4 2 2 2 2 3 2 2 1 2 2 2 2
[5101] 5 1 4 4 1 2 3 2 2 2 4 1 2 2 2 1 3 3 3 3 2 2 2 2 2 2 2 3 2 2 1 1 3 2 2 2 3 3 2 2 2 2 2 2 2 1 2 4 4 4 7
[5152] 4 3 3 1 1 1 3 2 4 4 5 4 2 1 4 2 2 1 1 1 2 5 4 4 1 5 4 4 4 2 4 4 2 2 2 1 2 2 2 1 4 5 4 1 3 2 1 1 2 2 2
[5203] 2 2 2 2 2 2 2 2 2 2 2 2 2 2 2 2 2 4 2 2 2 1 3 2 2 2 2 2 2 2 3 2 3 2 2 2 2 4 2 2 2 2 1 2 2 2 2 2 2 2 2
[5254] 2 1 2 2 2 1 2 2 2 3 3 1 4 1 1 2 5 5 5 1 4 2 1 1 2 4 4 2 1 1 2 2 2 2 2 3 1 2 1 3 2 2 4 1 1 4 4 3 1 2 1
[5305] 1 2 2 3 4 4 4 3 3 2 2 2 3 3 2 2 2 2 4 4 4 4 2 3 2 1 1 3 3 5 4 4 3 2 3 3 3 2 1 4 1 1 1 1 4 7 7 8 1 1 2
[5356] 2 2 2 2 1 1 1 2 2 1 1 1 3 1 1 4 4 4 4 4 4 1 2 1 2 2 3 2 2 2 2 2 4 2 2 2 2 4 2 1 1 1 2 4 4 1 2 2 2 2 2
[5407] 2 2 2 2 2 1 2 2 2 3 2 2 2 2 1 2 2 2 2 2 5 1 1 4 1 6 8 8 2 1 2 2 2 2 1 2 2 2 3 2 2 2 3 3 2 2 2 2 2 4 2
[5458] 2 2 4 2 2 2 6 4 2 2 3 2 2 1 2 2 2 3 1 2 2 2 3 3 2 4 4 4 2 4 2 2 3 4 3 2 5 5 5 3 2 2 2 2 4 1 2 2 2 2 5
[5509] 2 2 2 4 2 2 2 2 1 1 1 1 2 4 2 1 1 3 3 3 3 4 1 2 1 1 5 2 2 2 2 4 2 2 2 2 2 2 4 4 4 2 1 1 2 2 2 1 1 1 4
[5560] 2 1 1 1 1 5 1 4 4 4 2 2 2 2 2 2 5 5 5 2 1 2 1 2 4 2 2 2 3 2 1 2 2 2 4 4 4 1 3 4 2 2 2 4 4 2 2 2 2 1 1
[5611] 1 1 1 1 2 4 1 2 2 2 4 2 2 2 2 2 2 1 4 1 1 2 1 4 1 2 4 2 2 2 2 2 2 2 2 2 3 3 3 2 2 1 3 2 1 1 1 2 3 3 2
[5662] 2 2 2 2 2 2 3 3 3 2 5 5 5 4 4 5 4 4 1 4 4 4 1 3 3 2 1 2 1 2 2 2 2 5 4 4 4 4 2 1 1 1 2 2 2 2 1 1 2 3 2
[5713] 2 2 2 5 1 1 1 2 1 3 2 3 1 3 4 4 4 1 2 4 2 2 2 6 1 2 2 2 6 4 6 4 5 4 4 1 1 4 2 2 2 2 2 2 1 3 3 3 4 2 2
[5764] 2 2 3 2 4 4 1 1 2 1 4 1 2 4 4 6 4 2 3 1 2 5 7 7 6 1 2 2 3 3 2 2 3 2 2 2 2 3 2 1 2 2 5 1 1 2 2 2 2 2 2
[5815] 2 1 2 6 6 6 3 3 2 2 2 2 2 2 2 2 2 2 2 2 2 4 1 2 2 2 2 3 2 2 2 2 2 2 2 2 2 1 2 2 2 4 4 2 2 2 1 2 2 2 2
[5866] 3 1 2 2 2 2 2 2 2 2 4 1 4 5 4 3 1 1 1 1 2 2 2 2 2 4 2 2 2 1 1 1 3 5 4 4 3 2 2 2 3 2 3 3 3 2 2 2 2 2 3
[5917] 1 2 2 2 3 1 1 2 2 4 2 2 2 5 5 1 2 2 2 2 4 1 1 1 1 2 2 2 2 7 4 4 4 2 2 2 2 2 3 1 4 4 4 3 2 2 2 3 2 4 2
[5968] 2 2 3 2 1 1 1 4 1 1 1 1 1 4 4 1 2 3 2 2 3 2 2 2 3 4 2 2 2 1 4 4 4 4 4 4 4 1 1 2 2 2 2 2 3 3 2 2 2 1 3
[6019] 3 1 2 1 1 2 1 3 3 5 3 2 1 2 1 2 4 1 1 1 1 2 2 2 1 2 2 2 2 3 1 2 2 2 3 2 2 2 1 4 6 6 4 2 1 4 1 3 2 2 2
[6070] 2 2 1 1 2 3 2 2 2 2 4 2 2 2 3 1 1 2 2 1 3 1 1 1 1 3 2 2 2 3 1 2 2 2 2 2 1 1 1 1 3 2 2 2 2 1 3 2 2 2 4
[6121] 2 2 2 3 2 2 2 2 2 2 2 1 4 2 2 2 1 2 4 5 4 1 1 1 1 1 3 3 2 3 3 2 2 2 2 2 3 2 2 2 4 1 4 5 7 1 4 1 1 3 2
[6172] 2 2 2 3 2 2 2 4 1 2 1 1 3 4 2 2 2 4 2 2 2 1 1 1 1 2 2 2 2 6 1 4 1 1 3 2 3 3 3 2 4 1 4 1 1 6 1 1 1 3 3
[6223] 3 3 3 2 1 1 2 1 2 2 2 2 5 1 1 1 3 2 3 3 3 2 2 2 3 3 1 2 1 1 1 2 2 2 3 4 2 5 3 2 2 2 2 1 2 2 2 1 4 2 2
[6274] 2 1 2 4 5 5 2 4 1 4 1 6 2 2 2 1 2 3 2 2 2 4 1 7 8 7 1 2 2 1 2 3 2 2 1 1 2 1 3 3 3 2 2 2 2 2 2 3 4 4 4
[6325] 1 2 2 2 3 3 3 3 3 1 4 2 2 2 3 3 3 2 2 2 4 4 3 3 3 2 1 1 1 1 1 1 5 5 4 1 1 1 1 2 3 1 2 1 2 2 4 4 1 2 2
[6376] 1 1 1 3 2 2 4 4 4 4 3 1 2 2 3 3 2 1 2 4 2 2 1 1 4 2 2 1 1 6 3 2 2 2 1 5 2 2 1 2 2 2 2 3 2 1 1 2 4 2 1
[6427] 2 1 2 8 8 4 2 7 7 5 2 3 1 1 2 5 6 7 5 3 2 2 1 1 2 1 2 2 2 1 3 2 3 3 4 3 1 1 2 1 2 2 3 2 2 2 3 3 3 2 1
[6478] 2 2 2 1 5 3 3 3 3 2 2 2 1 1 4 2 2 2 2 2 2 2 2 4 4 4 4 4 2 2 2 2 2 3 1 5 4 4 1 2 5 5 5 2 2 2 2 2 2 1 2
[6529] 2 2 1 1 4 4 4 4 2 7 6 7 3 4 2 2 1 5 2 2 2 3 4 4 4 4 2 4 2 2 2 4 2 2 2 4 1 1 4 2 1 2 2 4 6 1 2 2 2 4 4
[6580] 1 5 6 2 1 1 4 4 4 2 5 5 5 4 2 2 2 3 4 1 1 2 2 1 7 7 6 4 2 6 6 6 2 3 2 2 2 2 2 2 2 2 1 4 1 2 4 2 2 1 2
[6631] 3 3 3 1 3 2 2 2 2 1 2 2 2 4 2 2 2 2 2 3 2 2 2 2 2 3 2 2 1 1 1 1 4 4 1 2 2 2 2 2 4 4 1 1 2 4 1 1 1 2 2
[6682] 2 2 2 3 2 2 2 5 2 1 2 2 4 1 1 1 2 2 3 4 2 2 1 5 2 2 2 4 2 1 1 1 2 2 1 1 1 4 3 2 2 2 2 1 6 5 5 3 2 3 3
[6733] 3 2 1 2 2 2 4 6 5 2 2 4 4 1 4 2 2 2 2 1 1 1 3 2 2 2 2 3 2 2 2 2 1 2 2 2 2 1 2 3 3 3 1 4 1 1 1 5 3 2 2
[6784] 2 2 2 2 2 2 1 2 1 2 1 2 2 4 1 2 2 2 3 3 1 1 1 3 1 2 2 2 4 3 2 1 2 3 1 3 3 2 1 2 2 2 2 1 2 2 2 5 1 2 2
[6835] 2 2 1 4 4 1 3 1 2 1 1 4 1 3 3 3 4 2 2 2 2 1 2 2 2 4 5 2 2 2 3 3 2 2 2 4 2 2 2 2 4 4 2 2 2 4 2 1 1 2 3
[6886] 3 2 2 4 4 2 2 2 4 4 5 6 4 1 4 1 8 2 2 2 2 2 4 2 2 2 5 5 2 3 3 3 7 3 5 5 4 2 2 5 6 6 1 4 2 2 2 4 2 2 1
[6937] 2 3 2 2 2 2 2 2 2 2 1 1 1 1 2 1 3 2 2 2 4 4 1 2 4 2 2 2 3 1 2 1 1 1 3 1 2 1 1 4 3 3 3 1 1 4 1 2 1 4 2
[6988] 2 1 2 2 2 2 4 2 2 2 2 2 2 2 3 3 2 2 4 2 2 2 2 1 1 4 4 2 2 2 2 1 3 1 2 2 2 2 2 1 2 2 3 3 2 3 2 4 2 2 2
[7039] 1 3 2 1 1 1 1 6 5 6 7 7 4 1 2 1 2 2 1 2 2 2 1 1 1 4 3 1 1 1 1 2 2 2 2 2 2 2 2 3 2 2 2 2 4 1 2 2 2 1 2
[7090] 2 2 2 1 1 2 2 2 2 4 2 2 2 2 4 4 4 4 2 1 2 2 2 1 1 2 1 1 3 2 1 4 4 3 2 2 2 5 2 4 4 4 3 2 2 2 2 2 2 1 2
[7141] 3 2 2 2 4 4 2 3 2 2 4 1 1 1 1 2 1 1 1 2 4 6 5 4 2 2 2 2 5 2 2 4 3 2 2 2 1 1 4 4 4 2 2 2 2 2 3 1 2 5 2
[7192] 2 2 1 1 2 2 2 4 2 2 2 2 2 1 1 4 1 1 1 4 2 2 2 5 8 8 4 2 2 2 2 1 2 5 4 1 1 2 1 2 2 2 2 2 2 2 2 1 2 2 2
[7243] 3 4 4 4 2 5 2 2 2 2 1 2 2 2 7 1 2 2 3 3 2 4 5 4 5 7 1 2 2 2 1 2 2 2 4 1 1 4 1 2 3 1 4 1 2 1 4 4 4 2 2
[7294] 4 1 2 2 1 4 1 2 1 2 1 5 1 2 1 1 1 4 2 1 1 2 1 2 2 2 2 2 1 2 2 2 3 2 2 2 2 4 2 2 2 4 4 4 5 4 4 2 1 2 2
[7345] 3 2 2 2 2 3 4 2 2 2 4 7 6 4 4 4 5 4 4 2 2 2 4 2 2 2 2 1 2 2 2 2 1 1 1 1 3 2 1 1 2 4 5 3 3 3 2 1 1 1 3
[7396] 2 4 4 4 3 1 2 1 1 1 6 2 2 2 2 1 2 2 1 1 1 1 1 2 2 2 4 2 1 1 4 1 2 2 3 1 1 1 3 2 2 1 2 2 2 2 1 6 6 6 3
[7447] 4 4 4 4 1 2 2 2 2 1 1 2 2 2 2 2 2 2 1 3 2 2 2 1 4 1 1 2 4 2 1 1 2 2 5 5 4 2 4 1 1 1 2 1 2 2 2 2 2 2 2
[7498] 2 1 3 2 2 2 3 2 4 4 4 2 2 2 2 2 1 2 2 2 2 4 5 1 1 1 4 4 1 2 1 1 4 1 3 3 1 4 1 1 4 2 2 2 6 4 1 5 1 4 5
[7549] 5 2 2 1 1 1 3 2 1 1 1 2 4 2 2 2 2 2 2 2 2 2 2 2 2 2 4 2 4 4 5 5 2 2 2 2 2 2 4 1 4 1 1 1 3 2 1 1 2 1 3
[7600] 2 2 1 1 2 2 2 1 2 2 1 1 4 2 2 3 2 2 2 2 3 3 3 4 6 2 1 2 2 3 2 2 2 1 3 3 2 3 2 3 3 2 2 2 1 2 2 4 4 2 2
[7651] 2 2 1 2 2 2 1 1 1 1 2 2 1 1 1 1 1 2 1 2 2 2 3 2 2 1 4 2 2 2 1 1 1 2 3 2 2 2 2 4 2 2 2 2 2 2 2 2 2 1 1
[7702] 2 2 4 4 1 1 2 1 2 2 2 2 1 2 2 2 2 4 1 1 1 3 2 4 3 2 2 2 3 2 2 2 2 2 2 3 3 3 1 2 2 2 2 2 4 1 1 1 2 2 4
[7753] 2 1 1 4 2 2 2 3 2 2 1 1 4 4 2 2 2 4 5 4 2 2 1 1 1 4 4 4 4 1 4 3 4 3 2 2 2 2 3 1 1 4 4 1 1 3 2 2 1 1 4
[7804] 4 1 2 2 2 2 2 4 3 3 3 2 4 1 1 2 4 3 2 2 2 1 2 1 2 2 4 1 1 1 2 1 1 1 2 2 4 2 2 2 4 1 2 2 2 1 4 5 4 4 2
[7855] 2 1 4 2 2 2 2 2 2 1 1 2 4 2 2 2 2 2 1 1 1 2 2 2 2 2 2 2 3 2 2 5 4 1 2 2 3 2 1 2 3 2 1 1 4 4 4 3 2 1 2
[7906] 1 1 2 1 4 2 1 1 2 1 1 1 1 2 2 2 1 2 2 2 1 2 2 2 2 3 2 2 2 2 5 2 8 8 7 1 2 2 2 2 1 3 1 1 1 1 1 2 3 2 1
[7957] 1 5 2 2 2 2 4 2 2 2 1 4 1 4 2 2 2 2 2 2 1 3 2 2 2 1 1 4 4 4 3 3 2 2 2 3 3 1 1 2 4 4 1 1 1 2 3 2 2 2 1
[8008] 3 4 1 4 2 1 2 2 2 1 1 1 1 2 4 1 2 2 2 1 6 6 5 2 1 2 2 2 1 3 3 3 3 1 1 2 1 2 3 3 2 2 2 4 1 1 1 2 2 3 3
[8059] 2 2 1 2 2 2 2 5 2 3 3 3 2 1 1 1 1 2 1 1 1 3 2 2 2 2 1 4 1 1 1 1 1 2 2 2 4 2 1 2 2 2 5 1 1 2 2 2 1 1 2
[8110] 3 4 1 1 1 1 2 4 4 1 3 3 4 6 2 2 2 2 2 3 3 3 1 1 5 4 1 1 4 1 2 2 4 2 2 2 1 3 2 2 2 2 2 2 1 3 2 1 3 3 2
[8161] 2 2 3 3 4 2 2 3 3 2 2 3 5 2 2 1 2 4 2 2 3 2 2 1 2 2 8 1 2 6 2 1 1 1 1 3 2 2 2 3 2 2 1 2 1 2 2 2 4 2 2
[8212] 3 4 2 3 2 2 3 1 2 2 2 1 3 2 2 2 4 1 2 2 2 2 3 2 2 2 1 4 2 2 2 3 2 4 4 4 1 1 4 7 7 3 2 1 4 1 1 2 1 1 4
[8263] 2 4 2 2 3 1 1 1 2 3 1 1 1 2 4 1 2 2 2 2 2 2 4 2 4 4 4 3 2 1 1 1 5 5 3 3 3 2 2 3 2 2 2 4 4 1 1 2 1 7 7
[8314] 8 2 2 1 1 1 2 2 4 4 2 4 4 4 5 5 6 1 1 4 4 3 1 2 2 2 1 2 4 2 2 2 1 2 2 2 3 4 1 4 2 5 2 1 2 4 2 1 4 4 3
[8365] 2 3 4 2 2 2 1 1 4 4 5 1 1 2 1 1 2 1 2 4 3 7 7 4 2 2 2 2 5 1 4 4 4 3 1 1 4 1 4 5 4 1 1 2 3 2 2 2 1 2 2
[8416] 2 2 4 4 2 1 1 2 2 2 2 1 1 2 1 1 3 1 2 2 1 2 2 2 4 5 1 1 1 4 2 2 2 1 4 1 2 1 2 2 2 4 4 3 2 4 2 3 1 2 2
[8467] 2 5 2 2 2 1 2 2 2 2 1 2 2 2 2 1 1 2 2 2 2 4 4 1 4 3 3 2 1 1 2 2 2 2 1 3 2 3 2 1 2 4 3 4 5 5 2 1 1 1 4
[8518] 1 3 1 2 2 4 4 3 3 3 1 4 1 1 2 1 3 3 3 1 3 2 2 1 1 2 2 2 2 3 1 2 2 2 4 2 1 1 1 4 2 1 2 3 4 2 2 2 2 2 1
[8569] 1 1 2 5 2 1 2 2 2 1 2 1 1 1 1 1 4 4 4 2 2 2 1 3 5 2 2 3 3 3 2 4 4 1 2 1 2 2 2 2 2 2 2 2 3 1 1 2 2 2 2
[8620] 2 3 3 2 2 2 3 4 2 1 2 2 4 2 1 2 3 5 2 2 2 3 2 2 2 2 3 1 2 2 2 1 2 2 2 2 2 1 1 2 2 4 2 2 3 2 2 2 2 5 2
[8671] 2 2 2 2 4 5 4 1 3 2 2 2 1 2 4 4 1 2 1 1 4 1 4 4 4 1 5 4 1 3 1 2 2 2 4 5 4 4 4 2 3 2 1 1 1 3 2 1 4 2 2
[8722] 1 2 1 2 2 2 7 1 4 3 3 3 2 1 4 1 4 1 4 3 3 2 2 2 2 2 4 1 2 1 3 2 1 2 2 2 1 1 1 2 1 2 2 2 3 5 2 2 3 4 2
[8773] 1 1 2 2 4 4 4 2 1 3 3 2 3 3 2 2 2 2 2 2 2 2 4 5 6 5 2 2 2 4 5 2 1 2 2 2 2 2 2 4 5 5 3 2 2 2 1 2 2 1 3
[8824] 1 2 2 4 2 2 2 2 2 2 1 2 4 3 1 1 1 1 1 1 2 2 3 2 2 2 2 2 2 2 2 2 1 2 1 4 1 1 4 4 4 2 4 4 1 1 2 2 2 2 2
[8875] 3 2 2 1 4 4 4 4 5 2 2 1 2 2 2 3 2 2 2 3 2 2 2 2 4 3 2 2 2 4 2 2 2 1 1 4 1 3 1 1 1 1 3 3 2 2 2 1 2 2 2
[8926] 2 3 2 2 2 2 2 2 1 1 2 3 4 1 1 2 2 2 2 2 1 2 1 1 2 1 1 4 4 1 2 2 2 1 3 1 2 2 2 2 2 2 2 4 1 2 2 2 3 2 2
[8977] 2 2 2 2 2 2 2 1 3 2 2 2 4 2 2 1 1 1 3 2 2 2 2 1 1 1 1 1 1 6 2 2 2 1 2 2 2 5 3 4 4 1 4 2 5 5 6 3 2 2 2
[9028] 2 3 2 1 1 1 3 1 2 2 2 4 2 2 2 3 2 1 1 1 2 4 2 2 2 2 2 2 2 3 1 4 4 4 3 3 2 1 1 2 1 2 2 2 4 2 3 2 2 3 2
[9079] 2 2 2 3 2 2 2 3 2 3 2 2 2 4 1 1 1 3 2 2 3 2 2 1 2 2 1 4 2 2 2 3 1 1 1 2 3 2 2 2 3 2 2 2 3 3 3 3 3 4 2
[9130] 2 2 2 2 7 8 6 2 4 6 5 5 6 6 4 2 2 2 2 1 1 2 1 1 2 4 1 1 2 2 2 2 2 4 1 2 2 2 4 1 4 4 3 1 2 2 2 2 2 2 1
[9181] 1 3 2 4 4 7 4 1 1 2 1 2 2 2 2 2 2 2 3 2 2 2 2 1 1 1 2 2 2 1 4 3 3 3 2 1 2 2 2 1 2 2 1 2 2 2 3 2 2 2 2
[9232] 2 2 2 3 4 4 2 2 2 3 2 2 2 2 5 7 7 2 5 6 7 2 2 2 2 5 2 2 1 3 2 4 2 1 1 5 2 1 4 3 3 2 2 2 2 2 2 2 3 2 2
[9283] 1 3 1 1 1 3 3 3 3 3 2 2 2 4 2 1 2 2 2 2 2 2 2 2 2 2 2 1 2 2 2 4 1 1 1 2 2 2 1 1 1 1 2 2 2 2 2 2 2 2 1
[9334] 3 3 3 4 4 4 4 4 6 1 4 4 2 3 2 2 2 5 8 7 1 4 4 1 2 2 2 2 1 1 3 2 3 1 1 2 2 2 2 2 2 2 2 2 2 4 4 2 2 2 1
[9385] 4 5 2 1 4 2 2 2 4 4 4 3 2 1 3 2 2 2 2 1 3 2 3 2 2 1 2 3 2 2 2 2 2 1 2 3 3 3 2 2 1 2 2 2 5 3 3 2 2 2 2
[9436] 3 3 2 1 5 2 2 2 2 2 3 2 2 2 4 4 5 7 2 1 1 2 2 1 2 1 1 1 2 2 1 1 1 1 2 1 2 2 2 2 2 2 2 5 8 2 2 2 2 5 6
[9487] 2 1 2 2 2 1 2 2 3 2 3 2 2 2 2 2 2 1 2 2 1 1 4 4 4 2 2 3 3 1 2 2 2 1 2 2 2 2 2 2 6 2 2 2 1 1 2 3 2 3 2
[9538] 2 2 1 2 2 2 2 1 1 3 2 2 4 3 1 3 2 1 2 3 1 2 3 2 3 3 3 3 3 2 2 3 3 2 2 3 3 3 2 3 3 3 3 3 3 3 3 3 3 2 2
