   [1] 1 1 1 1 2 2 2 2 2 2 1 2 2 2 2 2 2 2 2 2 2 2 2 2 2 2 2 2 2 2 2 1 3 1 3 2 2 1 2 1 2 2 1 1 2 2 2 2 1 1 2
  [52] 2 2 1 2 2 2 1 1 2 4 2 3 3 3 2 3 2 3 1 3 2 1 1 2 2 1 2 2 1 2 2 2 1 2 2 2 3 3 1 3 1 1 2 2 1 2 3 2 2 2 2
 [103] 2 2 1 3 1 2 2 2 2 2 3 1 3 3 3 2 2 2 2 2 1 3 3 3 3 2 2 2 2 2 3 1 2 2 2 1 2 2 2 2 2 3 1 1 2 2 1 2 2 2 2
 [154] 2 2 2 2 2 2 2 2 2 2 4 1 2 3 1 1 2 2 2 3 3 2 2 2 2 2 2 1 2 1 1 1 2 1 2 2 2 1 1 2 2 2 3 2 2 2 2 2 3 1 2
 [205] 2 3 2 2 2 2 3 2 2 2 2 3 3 4 4 4 2 3 2 2 2 2 1 1 1 2 2 3 2 2 2 2 2 2 2 2 2 2 2 2 2 2 2 2 1 1 1 3 3 3 3
 [256] 2 1 2 2 2 2 4 4 2 3 1 1 3 2 2 2 2 2 2 2 2 2 2 2 2 2 2 2 1 4 4 3 2 2 2 2 2 3 3 3 4 4 4 2 2 1 3 1 2 3 4
 [307] 3 3 3 1 3 3 2 2 2 2 2 1 2 1 1 2 2 2 2 2 2 2 2 2 2 2 2 2 2 2 2 2 1 2 2 2 2 2 2 3 3 3 3 3 2 2 2 2 2 1 2
 [358] 3 3 3 2 3 2 2 2 3 2 2 1 1 2 2 3 3 3 2 2 1 1 1 2 1 3 3 1 3 2 2 2 3 2 2 2 3 2 2 2 2 2 2 2 2 2 2 2 2 2 2
 [409] 1 3 2 2 2 3 2 3 3 2 2 2 3 2 2 2 2 3 1 4 4 4 2 2 2 2 2 2 2 2 1 2 2 1 2 2 2 3 4 1 2 2 5 2 3 3 3 2 1 1 1
 [460] 2 2 2 2 2 2 2 2 1 2 2 1 4 3 3 2 3 2 2 2 2 2 2 2 2 3 2 2 2 2 2 2 2 2 2 3 1 1 2 2 1 1 2 2 2 2 2 3 2 2 2
 [511] 2 3 4 2 2 2 2 2 2 2 1 2 3 2 2 2 1 3 2 2 2 1 1 2 2 2 2 2 1 1 1 3 2 2 2 2 4 2 2 2 2 1 2 2 2 1 3 2 2 2 2
 [562] 1 2 2 2 4 4 2 2 2 1 1 2 2 2 2 2 2 2 2 2 2 2 2 2 4 3 3 1 2 1 2 2 2 2 2 2 2 2 1 1 2 2 2 1 3 2 1 1 1 2 2
 [613] 2 2 2 1 2 2 2 1 2 2 2 2 2 2 2 2 1 2 1 2 2 3 3 4 4 3 3 3 4 4 4 2 2 2 2 2 2 2 2 2 2 1 2 2 2 2 2 2 3 3 3
 [664] 2 1 2 2 2 1 2 3 3 3 2 2 2 2 4 3 2 2 2 3 3 2 2 1 1 4 4 4 3 2 2 2 1 2 1 1 1 2 2 2 2 2 2 2 2 2 2 3 2 2 2
 [715] 2 2 2 2 2 2 2 2 2 2 2 4 3 3 3 2 2 2 2 2 2 4 1 1 1 2 2 2 1 1 2 2 1 2 2 2 2 1 1 1 1 2 2 2 2 2 4 2 2 2 2
 [766] 2 3 3 3 3 2 3 3 3 3 3 3 4 5 3 2 2 2 2 2 2 2 1 2 3 3 3 1 2 1 1 1 2 2 2 2 2 2 2 2 2 2 2 4 2 2 2 2 2 2 2
 [817] 2 2 1 3 1 2 2 2 3 2 2 2 2 2 2 2 2 2 2 3 2 1 2 2 2 2 2 2 2 2 2 2 2 2 1 2 1 2 2 1 2 2 2 2 2 2 2 2 2 2 2
 [868] 2 1 1 1 2 3 2 2 2 2 2 2 2 2 2 2 2 2 2 1 1 2 3 2 2 2 2 3 2 2 2 2 3 2 2 2 2 1 4 2 2 2 2 2 4 5 5 3 1 2 2
 [919] 2 3 2 2 2 2 3 3 4 3 3 2 1 2 4 2 2 2 2 2 2 2 2 2 2 2 2 2 2 3 3 3 3 3 1 2 1 1 1 3 2 2 2 3 2 2 2 2 1 2 2
 [970] 2 2 3 2 5 2 2 2 2 2 3 1 2 1 2 2 2 2 2 2 2 2 2 2 2 2 2 2 2 2 2 3 4 3 2 2 1 1 1 2 3 5 4 4 2 2 2 2 2 2 2
[1021] 2 2 2 3 1 2 2 2 3 2 2 2 2 1 3 2 2 1 1 3 2 2 2 2 1 1 3 1 2 2 2 1 4 3 3 3 2 1 3 3 1 4 3 4 5 5 3 2 2 3 2
[1072] 1 2 2 2 2 2 2 2 2 2 2 1 2 2 2 2 3 2 2 1 2 2 3 3 2 3 1 2 2 2 2 2 1 1 2 1 1 1 1 1 2 2 2 2 2 2 1 2 2 2 3
[1123] 2 1 1 1 3 2 2 2 2 3 2 1 2 2 2 3 3 1 2 2 2 2 2 3 2 2 3 1 1 2 1 1 1 4 3 3 1 2 1 2 2 3 2 2 2 2 3 3 2 2 2
[1174] 2 2 1 4 3 2 2 2 2 2 2 2 2 2 3 2 2 2 2 2 1 2 2 2 3 2 1 1 1 2 2 2 2 2 1 2 2 2 2 2 1 1 4 2 2 1 1 1 3 4 4
[1225] 4 3 2 1 2 2 2 2 2 2 2 2 2 1 1 2 4 2 1 2 2 2 3 3 3 4 2 2 2 2 2 2 2 2 1 2 2 2 2 2 2 2 2 1 1 2 2 2 2 2 2
[1276] 2 2 2 1 2 2 2 2 2 2 1 2 2 2 2 1 1 2 1 2 2 2 2 2 2 2 2 2 2 1 3 3 1 2 2 2 2 2 1 2 2 2 2 2 1 1 1 2 2 2 2
[1327] 2 2 2 3 1 1 1 3 3 1 2 2 2 1 1 1 3 4 4 4 4 2 2 2 2 2 2 2 2 2 2 2 1 2 2 2 3 1 2 2 2 4 2 2 2 2 2 2 2 2 2
[1378] 3 2 2 2 2 3 2 1 1 1 2 3 4 3 3 2 2 2 2 2 2 1 3 4 4 3 3 1 1 2 1 2 3 1 1 1 2 1 1 1 1 2 4 4 3 2 2 1 3 3 1
[1429] 3 3 4 3 1 3 1 1 1 2 2 2 2 2 2 1 2 2 2 1 2 2 2 2 1 1 1 3 1 1 2 2 1 2 3 2 3 3 3 2 2 2 2 2 3 2 1 1 1 2 3
[1480] 3 3 3 1 1 2 2 2 4 3 2 3 2 1 1 3 3 1 2 3 3 2 2 2 3 2 2 2 2 1 1 3 3 3 3 1 2 2 2 2 3 1 1 1 3 2 2 2 2 1 2
[1531] 3 4 3 3 3 2 2 2 2 2 2 3 2 2 2 3 3 2 2 2 2 1 1 1 1 3 1 4 4 4 2 4 1 2 2 2 2 2 3 3 1 1 2 4 2 1 1 1 2 3 3
[1582] 3 3 1 3 2 1 1 2 2 2 2 2 2 3 2 2 1 2 4 4 4 4 4 2 3 2 2 2 2 2 4 4 4 2 2 2 2 2 2 2 2 1 2 1 3 2 2 2 2 2 2
[1633] 2 2 1 2 2 2 2 2 1 1 1 2 2 2 2 1 2 2 1 2 2 1 3 1 1 3 2 2 2 1 1 2 2 2 2 2 3 2 1 1 2 1 2 4 4 4 3 2 2 2 2
[1684] 2 2 2 2 2 2 3 2 2 2 2 3 1 1 1 3 2 2 2 2 3 3 2 2 2 3 1 2 2 2 3 2 2 2 2 2 2 2 2 3 1 4 4 4 2 2 2 2 2 1 3
[1735] 1 3 3 2 1 2 2 2 1 1 1 1 2 2 4 3 3 1 2 2 2 2 2 2 3 2 2 2 2 2 2 2 2 2 4 2 1 2 2 2 2 2 2 2 3 3 2 1 1 1 1
[1786] 2 2 2 1 2 2 1 2 2 2 2 3 3 4 4 2 2 1 2 2 2 2 2 2 3 2 2 1 2 2 1 2 2 2 1 1 2 2 2 2 1 1 5 5 3 2 2 2 2 2 2
[1837] 1 1 1 2 3 4 4 2 2 2 2 2 2 2 2 2 3 1 1 1 2 2 2 2 2 2 2 1 1 1 3 2 2 2 2 2 3 2 2 2 2 3 1 3 1 2 3 2 2 2 3
[1888] 3 4 5 3 3 4 2 3 4 2 2 2 2 2 2 2 2 2 3 2 2 1 2 2 2 2 2 3 1 3 1 3 3 4 3 3 3 2 2 2 1 2 2 2 2 2 3 2 2 2 1
[1939] 3 3 2 1 3 2 2 2 2 2 3 2 1 1 1 2 2 2 2 2 2 2 2 2 3 2 2 1 2 2 2 4 3 1 1 1 2 3 2 2 2 2 3 3 2 2 2 1 1 1 3
[1990] 4 2 1 1 1 3 1 1 1 1 2 1 1 3 2 2 2 2 2 2 1 2 2 2 2 1 1 1 2 1 2 2 2 1 3 2 2 2 2 3 2 2 3 3 1 1 1 2 2 2 1
[2041] 2 2 3 3 3 2 2 1 1 1 2 2 2 2 3 1 1 2 2 2 1 1 2 2 2 2 2 2 3 2 4 4 4 3 2 2 2 2 2 1 2 2 2 3 2 2 2 2 2 2 2
[2092] 2 2 1 2 2 2 2 2 1 2 2 2 1 2 2 2 2 1 3 3 1 2 3 2 2 1 1 2 2 2 2 1 2 2 2 2 2 2 2 2 2 2 1 2 2 2 2 2 2 2 2
[2143] 2 2 2 2 2 2 2 2 2 2 2 1 2 2 2 2 2 2 2 2 1 2 2 2 2 1 2 2 2 2 3 2 2 2 2 1 3 1 2 2 2 2 2 2 2 3 3 1 3 1 2
[2194] 2 2 2 2 3 1 2 2 2 2 2 2 2 2 1 2 2 2 2 3 2 2 2 2 4 4 4 2 2 3 3 3 1 2 2 2 1 1 2 2 2 1 1 2 2 2 2 2 2 1 1
[2245] 2 2 1 1 2 2 1 2 1 1 1 2 3 2 2 2 2 2 2 2 2 2 2 2 2 1 3 3 2 1 3 1 2 2 2 2 1 2 2 2 2 2 2 2 2 2 2 2 2 2 2
[2296] 3 2 4 4 3 3 1 4 5 4 1 2 2 2 2 4 3 2 2 2 2 2 2 2 2 1 3 2 2 3 2 2 3 4 3 1 1 1 1 2 3 3 3 2 1 2 2 2 2 2 2
[2347] 2 2 2 2 2 2 2 2 2 2 3 2 2 2 2 3 2 3 3 3 1 3 6 2 2 2 2 2 1 1 2 2 2 2 2 2 3 2 2 2 2 2 2 2 1 1 2 2 1 2 2
[2398] 2 2 2 2 1 1 2 2 2 2 2 2 2 2 2 2 3 3 3 3 3 1 2 2 2 2 1 2 2 2 2 1 2 1 1 2 1 3 3 3 3 2 2 2 2 2 1 3 1 1 2
[2449] 3 2 2 2 3 2 2 2 2 6 1 2 1 1 1 2 2 2 2 2 2 2 2 1 1 1 2 1 1 1 2 2 2 1 3 1 2 2 1 1 2 2 2 2 2 2 2 2 2 2 2
[2500] 3 2 2 2 2 2 2 1 2 2 2 2 2 1 1 2 2 4 2 2 2 1 2 2 2 2 3 1 3 4 4 2 2 2 2 2 1 1 3 4 3 1 3 2 2 2 3 2 2 2 2
[2551] 2 2 2 2 2 2 2 2 2 2 2 2 2 2 2 3 2 1 3 1 1 2 2 2 2 2 1 1 1 3 1 2 2 2 2 2 2 2 1 3 3 3 3 2 2 2 4 2 2 2 2
[2602] 1 2 1 1 1 2 2 2 2 2 2 2 2 2 1 4 3 1 2 1 1 2 2 2 2 2 2 2 1 2 2 2 2 2 2 1 1 1 2 1 2 2 2 2 2 2 2 1 2 2 2
[2653] 2 2 2 2 3 2 2 2 2 2 2 2 2 1 1 2 2 2 2 2 2 2 2 2 2 2 3 1 4 3 3 2 3 2 2 3 2 2 2 1 2 1 2 2 1 2 1 1 2 2 3
[2704] 2 2 2 2 4 4 4 2 3 2 1 1 1 2 2 2 2 4 2 1 3 1 1 3 4 3 3 1 2 3 3 2 2 2 2 2 2 2 2 2 2 2 1 2 2 2 2 1 2 2 2
[2755] 3 2 2 2 2 1 1 3 3 1 1 2 3 4 4 4 6 4 3 3 2 2 2 2 2 2 2 1 2 3 2 2 1 2 2 2 1 1 2 3 2 2 2 2 1 2 2 2 2 1 2
[2806] 1 1 2 2 2 2 1 1 3 3 1 1 1 3 2 1 3 1 2 2 2 2 2 2 2 1 2 2 2 2 2 2 2 2 1 2 2 1 1 3 2 2 2 2 1 2 2 2 2 2 1
[2857] 2 2 2 2 2 4 2 2 2 2 4 1 3 2 2 2 2 2 1 2 2 2 1 2 2 1 2 2 2 2 1 2 2 2 2 2 2 2 2 2 2 1 2 2 2 2 2 3 3 3 2
[2908] 2 1 1 2 2 2 2 2 2 2 1 4 2 2 2 2 2 2 2 2 3 4 3 2 2 2 2 2 4 2 2 3 1 1 3 1 1 1 2 2 2 2 2 2 2 2 1 2 2 2 2
[2959] 3 1 2 2 2 3 2 2 2 2 3 1 1 2 2 2 2 4 1 2 2 2 2 2 2 3 2 2 3 2 2 2 1 2 3 3 3 3 1 1 1 2 1 1 2 2 2 2 2 2 3
[3010] 1 2 1 2 2 1 2 2 2 2 2 2 2 1 2 3 1 2 2 2 3 3 4 3 3 2 2 2 2 3 2 2 2 2 1 2 2 2 2 2 2 2 2 2 2 3 2 2 2 2 2
[3061] 2 2 2 3 2 2 2 2 2 2 2 1 1 2 3 1 3 1 2 2 2 2 2 2 3 2 1 1 1 2 2 2 2 2 1 1 1 1 2 3 1 2 2 2 2 2 2 2 2 3 1
[3112] 2 1 1 2 2 2 2 2 2 1 2 2 1 2 1 2 2 4 3 3 3 2 1 1 1 3 2 1 2 2 2 2 2 2 2 2 2 1 2 2 2 2 1 1 2 2 2 2 1 2 2
[3163] 2 5 2 2 2 2 2 3 1 1 2 2 2 2 2 2 2 2 1 2 1 1 2 2 3 3 3 2 2 1 4 2 1 2 2 2 2 2 2 1 1 4 4 4 4 2 2 2 2 2 1
[3214] 1 2 1 2 2 2 2 1 2 2 2 1 2 2 2 2 2 3 2 2 2 2 4 2 1 1 2 3 2 2 2 2 3 2 2 2 2 2 2 1 2 2 2 2 2 2 2 6 4 2 2
[3265] 2 2 2 3 2 2 2 2 3 2 2 2 2 1 3 2 2 2 2 1 1 1 1 2 4 3 3 1 2 2 3 2 2 2 2 3 2 2 2 2 2 2 1 1 2 3 3 2 2 2 2
[3316] 2 2 2 2 3 3 1 1 2 2 3 3 4 3 1 2 2 2 2 3 3 4 4 3 2 3 2 2 2 2 1 2 2 2 2 1 2 2 2 5 5 5 2 1 2 2 2 2 1 1 1
[3367] 1 1 3 1 2 1 1 1 1 3 1 2 2 2 3 2 2 2 2 2 2 2 2 3 4 3 1 2 2 2 2 2 1 1 1 2 2 2 1 2 3 2 4 4 4 2 1 3 2 1 1
[3418] 3 1 3 3 3 2 2 2 4 2 1 1 1 4 2 4 4 4 1 2 1 1 2 2 2 2 2 2 2 1 2 3 3 3 3 4 2 3 2 2 2 2 2 2 2 2 4 3 2 2 2
[3469] 4 3 2 2 2 3 2 2 2 2 2 2 3 3 3 1 2 2 1 1 1 3 2 2 2 1 3 2 2 2 2 2 2 1 1 1 2 1 1 1 4 2 2 2 2 2 4 2 2 2 2
[3520] 2 2 3 2 2 2 2 2 2 2 2 2 1 1 3 1 1 1 2 2 2 2 2 1 2 2 2 2 2 3 2 2 2 2 2 2 2 2 2 2 2 2 2 3 2 2 2 2 2 2 3
[3571] 3 3 1 1 3 3 3 2 2 2 2 2 2 1 2 2 3 4 2 3 2 2 2 2 2 2 2 2 2 1 2 2 2 2 2 2 2 2 2 3 3 3 1 2 2 1 1 2 2 2 1
[3622] 2 1 2 2 1 1 3 3 1 3 1 2 2 1 1 1 2 2 2 1 2 1 1 1 2 2 2 2 2 2 1 1 2 1 3 1 1 2 1 2 2 1 2 2 1 1 1 2 2 2 2
[3673] 2 1 2 2 2 2 4 2 2 2 1 4 3 3 3 3 1 2 2 2 1 3 2 2 2 2 2 2 2 2 2 2 3 3 1 1 2 1 2 2 3 2 2 2 2 2 2 2 2 2 2
[3724] 1 1 1 2 2 1 2 2 2 2 2 1 2 1 2 3 1 6 6 2 2 2 2 2 2 2 2 2 2 2 1 2 2 2 3 2 2 2 2 3 1 2 2 4 4 4 5 2 1 2 2
[3775] 2 1 2 1 2 1 2 1 5 5 4 2 2 2 2 2 3 3 1 3 3 3 2 2 2 2 2 1 2 2 2 2 3 3 3 3 1 2 2 2 3 2 2 2 2 2 2 2 2 2 2
[3826] 2 1 2 2 1 1 2 2 2 2 3 2 2 2 3 1 2 2 2 2 2 2 2 2 1 1 1 1 3 2 2 2 2 1 3 2 2 2 1 4 1 1 1 2 2 5 5 5 2 1 3
[3877] 3 3 3 2 3 3 1 1 2 1 2 2 2 2 2 2 1 2 2 2 2 2 2 2 2 2 2 2 1 2 3 1 1 2 2 3 3 2 2 2 2 2 2 2 2 1 2 2 2 2 4
[3928] 2 2 2 2 2 2 2 2 3 2 2 3 2 2 1 1 1 2 3 2 2 2 2 2 1 1 2 2 1 2 1 2 2 1 2 2 2 6 2 2 2 2 2 4 3 3 3 2 1 1 1
[3979] 2 2 2 4 4 4 3 3 4 4 4 1 2 1 1 2 1 1 2 2 2 2 2 2 2 2 2 3 5 5 5 4 2 4 4 4 4 3 2 2 2 2 2 2 2 3 2 2 2 2 2
[4030] 3 2 2 2 3 2 2 2 2 2 1 2 2 2 2 2 2 2 3 3 2 2 2 2 2 2 2 2 2 2 2 2 2 1 3 2 2 2 2 1 4 5 4 2 2 1 1 2 2 2 2
[4081] 2 2 2 2 1 2 2 3 1 2 2 2 1 2 1 3 1 2 2 2 2 2 3 2 3 4 1 2 3 2 2 2 4 3 1 1 3 1 2 2 2 2 2 2 2 2 2 2 2 2 2
[4132] 3 2 2 2 2 2 2 2 2 2 2 2 2 2 2 1 2 2 2 4 3 4 4 1 2 3 3 3 2 2 3 3 1 2 1 3 4 3 1 2 4 4 4 2 1 2 2 2 1 1 1
[4183] 3 3 3 3 2 2 3 1 3 2 2 2 2 2 1 2 2 2 2 4 4 3 1 2 1 2 2 2 2 2 2 2 2 2 2 1 1 4 1 1 2 1 2 2 2 2 2 2 2 2 2
[4234] 1 1 2 2 2 1 3 3 6 2 2 2 2 2 1 3 4 4 3 2 2 2 2 2 3 2 2 2 2 1 1 1 2 2 2 2 1 1 1 3 3 3 1 4 4 4 1 2 2 1 2
[4285] 2 2 2 2 2 1 3 2 2 2 4 3 2 2 2 2 2 2 2 2 2 1 2 2 2 3 1 1 3 2 2 2 2 2 2 2 2 2 2 2 2 1 1 2 3 1 2 2 2 2 2
[4336] 1 1 2 1 2 1 2 2 2 1 2 2 1 3 2 2 2 2 3 2 2 3 2 3 2 2 1 3 1 2 2 1 2 3 2 2 2 3 2 2 2 2 2 1 1 1 3 2 2 2 3
[4387] 2 2 1 2 2 2 2 2 2 2 2 2 2 2 1 2 2 2 2 2 1 2 2 1 3 1 1 2 2 2 2 2 2 3 3 1 1 2 3 2 1 1 1 3 2 2 2 2 1 2 2
[4438] 2 2 1 2 2 2 2 2 2 2 2 2 2 2 1 2 2 2 1 3 3 1 2 2 2 2 3 3 2 2 2 2 2 1 1 2 2 2 2 2 2 1 2 3 3 3 2 2 2 2 3
[4489] 3 3 3 2 1 3 3 3 2 3 2 2 2 2 3 2 2 2 2 2 2 2 2 2 2 2 2 2 2 1 2 2 2 3 2 2 2 2 4 2 2 2 2 2 3 2 2 2 2 1 2
[4540] 2 2 2 1 2 2 2 2 2 2 2 2 1 2 2 2 2 2 2 2 2 2 2 2 2 1 2 2 2 2 2 1 3 1 1 2 2 1 1 1 1 2 2 2 2 2 1 1 1 1 2
[4591] 2 4 4 4 2 2 2 2 2 3 2 2 2 2 1 2 2 2 2 2 2 2 2 2 2 3 2 2 2 1 1 2 4 4 4 2 4 4 3 1 2 2 1 2 2 1 2 2 2 2 1
[4642] 2 2 2 2 2 2 2 2 2 1 3 3 3 3 1 3 2 2 2 2 2 2 2 2 2 2 2 2 2 2 2 2 2 2 2 4 4 4 2 1 2 2 2 2 2 2 2 2 2 2 1
[4693] 3 3 2 3 2 2 2 2 2 2 2 2 2 2 1 1 1 2 3 2 2 2 2 2 2 2 4 2 2 2 2 2 2 1 1 3 3 4 3 2 2 2 2 2 2 2 2 2 2 2 2
[4744] 2 3 2 1 1 3 2 2 2 2 2 4 2 1 1 3 2 2 2 2 2 3 3 2 2 2 1 2 2 2 1 3 1 1 2 4 1 1 1 3 2 3 3 3 4 4 1 1 1 2 2
[4795] 2 2 2 2 3 4 1 5 6 2 2 2 1 1 2 4 2 2 2 2 1 2 2 2 2 1 2 2 2 3 2 1 1 3 3 2 2 2 2 2 2 2 2 2 2 2 2 2 2 2 2
[4846] 2 2 2 2 3 2 2 2 2 1 2 2 1 2 3 1 2 1 2 2 2 2 4 2 2 1 1 1 2 2 2 2 4 2 2 2 2 1 2 2 2 2 2 2 2 2 2 2 2 1 2
[4897] 2 2 1 2 2 2 2 2 1 1 1 2 2 1 1 2 3 2 2 2 2 2 1 2 2 2 4 2 5 6 5 1 1 2 3 3 3 3 2 3 4 4 4 2 1 4 5 4 2 2 2
[4948] 2 2 1 2 3 1 2 3 4 4 4 3 2 3 2 2 2 2 2 2 2 2 1 2 3 3 3 3 1 3 4 3 3 2 1 1 1 2 3 2 2 1 3 3 3 3 2 2 2 2 2
[4999] 2 1 2 2 2 1 3 2 2 2 2 3 2 1 2 2 1 2 2 2 2 2 2 2 3 3 2 2 2 3 3 3 3 3 1 3 4 5 4 3 2 4 4 4 3 4 4 4 2 2 2
[5050] 2 2 3 1 2 2 2 2 1 1 1 2 3 2 2 2 2 2 2 2 2 2 2 3 3 3 1 5 5 4 3 2 2 3 4 2 1 2 3 2 2 2 2 2 2 2 1 2 2 2 2
[5101] 4 1 3 3 1 2 2 2 2 2 3 1 2 2 2 1 2 2 2 2 2 2 2 2 2 2 2 2 2 2 1 1 2 2 2 2 2 2 2 2 2 2 2 2 2 1 2 3 3 3 5
[5152] 3 2 2 1 1 1 2 2 3 3 4 3 2 1 3 2 2 1 1 1 2 4 3 3 1 4 3 3 3 2 3 3 2 2 2 1 2 2 2 1 3 4 3 1 2 2 1 1 2 2 2
[5203] 2 2 2 2 2 2 2 2 2 2 2 2 2 2 2 2 2 3 2 2 2 1 2 2 2 2 2 2 2 2 2 2 2 2 2 2 2 3 2 2 2 2 1 2 2 2 2 2 2 2 2
[5254] 2 1 2 2 2 1 2 2 2 2 2 1 3 1 1 2 4 4 4 1 3 2 1 1 2 3 3 2 1 1 2 2 2 2 2 2 1 2 1 2 2 2 3 1 1 3 3 2 1 2 1
[5305] 1 2 2 2 3 3 3 2 2 2 2 2 2 2 2 2 2 2 3 3 3 3 2 2 2 1 1 2 2 4 3 3 2 2 2 2 2 2 1 3 1 1 1 1 3 5 5 6 1 1 2
[5356] 2 2 2 2 1 1 1 2 2 1 1 1 2 1 1 3 3 3 3 3 3 1 2 1 2 2 2 2 2 2 2 2 3 2 2 2 2 3 2 1 1 1 2 3 3 1 2 2 2 2 2
[5407] 2 2 2 2 2 1 2 2 2 2 2 2 2 2 1 2 2 2 2 2 4 1 1 3 1 4 6 6 2 1 2 2 2 2 1 2 2 2 2 2 2 2 2 2 2 2 2 2 2 3 2
[5458] 2 2 3 2 2 2 4 3 2 2 2 2 2 1 2 2 2 2 1 2 2 2 2 2 2 3 3 3 2 3 2 2 2 3 2 2 4 4 4 2 2 2 2 2 3 1 2 2 2 2 4
[5509] 2 2 2 3 2 2 2 2 1 1 1 1 2 3 2 1 1 2 2 2 2 3 1 2 1 1 4 2 2 2 2 3 2 2 2 2 2 2 3 3 3 2 1 1 2 2 2 1 1 1 3
[5560] 2 1 1 1 1 4 1 3 3 3 2 2 2 2 2 2 4 4 4 2 1 2 1 2 3 2 2 2 2 2 1 2 2 2 3 3 3 1 2 3 2 2 2 3 3 2 2 2 2 1 1
[5611] 1 1 1 1 2 3 1 2 2 2 3 2 2 2 2 2 2 1 3 1 1 2 1 3 1 2 3 2 2 2 2 2 2 2 2 2 2 2 2 2 2 1 2 2 1 1 1 2 2 2 2
[5662] 2 2 2 2 2 2 2 2 2 2 4 4 4 3 3 4 3 3 1 3 3 3 1 2 2 2 1 2 1 2 2 2 2 4 3 3 3 3 2 1 1 1 2 2 2 2 1 1 2 2 2
[5713] 2 2 2 4 1 1 1 2 1 2 2 2 1 2 3 3 3 1 2 3 2 2 2 4 1 2 2 2 4 3 4 3 4 3 3 1 1 3 2 2 2 2 2 2 1 2 2 2 3 2 2
[5764] 2 2 2 2 3 3 1 1 2 1 3 1 2 3 3 4 3 2 2 1 2 4 5 5 4 1 2 2 2 2 2 2 2 2 2 2 2 2 2 1 2 2 4 1 1 2 2 2 2 2 2
[5815] 2 1 2 4 4 4 2 2 2 2 2 2 2 2 2 2 2 2 2 2 2 3 1 2 2 2 2 2 2 2 2 2 2 2 2 2 2 1 2 2 2 3 3 2 2 2 1 2 2 2 2
[5866] 2 1 2 2 2 2 2 2 2 2 3 1 3 4 3 2 1 1 1 1 2 2 2 2 2 3 2 2 2 1 1 1 2 4 3 3 2 2 2 2 2 2 2 2 2 2 2 2 2 2 2
[5917] 1 2 2 2 2 1 1 2 2 3 2 2 2 4 4 1 2 2 2 2 3 1 1 1 1 2 2 2 2 5 3 3 3 2 2 2 2 2 2 1 3 3 3 2 2 2 2 2 2 3 2
[5968] 2 2 2 2 1 1 1 3 1 1 1 1 1 3 3 1 2 2 2 2 2 2 2 2 2 3 2 2 2 1 3 3 3 3 3 3 3 1 1 2 2 2 2 2 2 2 2 2 2 1 2
[6019] 2 1 2 1 1 2 1 2 2 4 2 2 1 2 1 2 3 1 1 1 1 2 2 2 1 2 2 2 2 2 1 2 2 2 2 2 2 2 1 3 4 4 3 2 1 3 1 2 2 2 2
[6070] 2 2 1 1 2 2 2 2 2 2 3 2 2 2 2 1 1 2 2 1 2 1 1 1 1 2 2 2 2 2 1 2 2 2 2 2 1 1 1 1 2 2 2 2 2 1 2 2 2 2 3
[6121] 2 2 2 2 2 2 2 2 2 2 2 1 3 2 2 2 1 2 3 4 3 1 1 1 1 1 2 2 2 2 2 2 2 2 2 2 2 2 2 2 3 1 3 4 5 1 3 1 1 2 2
[6172] 2 2 2 2 2 2 2 3 1 2 1 1 2 3 2 2 2 3 2 2 2 1 1 1 1 2 2 2 2 4 1 3 1 1 2 2 2 2 2 2 3 1 3 1 1 4 1 1 1 2 2
[6223] 2 2 2 2 1 1 2 1 2 2 2 2 4 1 1 1 2 2 2 2 2 2 2 2 2 2 1 2 1 1 1 2 2 2 2 3 2 4 2 2 2 2 2 1 2 2 2 1 3 2 2
[6274] 2 1 2 3 4 4 2 3 1 3 1 4 2 2 2 1 2 2 2 2 2 3 1 5 6 5 1 2 2 1 2 2 2 2 1 1 2 1 2 2 2 2 2 2 2 2 2 2 3 3 3
[6325] 1 2 2 2 2 2 2 2 2 1 3 2 2 2 2 2 2 2 2 2 3 3 2 2 2 2 1 1 1 1 1 1 4 4 3 1 1 1 1 2 2 1 2 1 2 2 3 3 1 2 2
[6376] 1 1 1 2 2 2 3 3 3 3 2 1 2 2 2 2 2 1 2 3 2 2 1 1 3 2 2 1 1 4 2 2 2 2 1 4 2 2 1 2 2 2 2 2 2 1 1 2 3 2 1
[6427] 2 1 2 6 6 3 2 5 5 4 2 2 1 1 2 4 4 5 4 2 2 2 1 1 2 1 2 2 2 1 2 2 2 2 3 2 1 1 2 1 2 2 2 2 2 2 2 2 2 2 1
[6478] 2 2 2 1 4 2 2 2 2 2 2 2 1 1 3 2 2 2 2 2 2 2 2 3 3 3 3 3 2 2 2 2 2 2 1 4 3 3 1 2 4 4 4 2 2 2 2 2 2 1 2
[6529] 2 2 1 1 3 3 3 3 2 5 4 5 2 3 2 2 1 4 2 2 2 2 3 3 3 3 2 3 2 2 2 3 2 2 2 3 1 1 3 2 1 2 2 3 4 1 2 2 2 3 3
[6580] 1 4 4 2 1 1 3 3 3 2 4 4 4 3 2 2 2 2 3 1 1 2 2 1 5 5 4 3 2 4 4 4 2 2 2 2 2 2 2 2 2 2 1 3 1 2 3 2 2 1 2
[6631] 2 2 2 1 2 2 2 2 2 1 2 2 2 3 2 2 2 2 2 2 2 2 2 2 2 2 2 2 1 1 1 1 3 3 1 2 2 2 2 2 3 3 1 1 2 3 1 1 1 2 2
[6682] 2 2 2 2 2 2 2 4 2 1 2 2 3 1 1 1 2 2 2 3 2 2 1 4 2 2 2 3 2 1 1 1 2 2 1 1 1 3 2 2 2 2 2 1 4 4 4 2 2 2 2
[6733] 2 2 1 2 2 2 3 4 4 2 2 3 3 1 3 2 2 2 2 1 1 1 2 2 2 2 2 2 2 2 2 2 1 2 2 2 2 1 2 2 2 2 1 3 1 1 1 4 2 2 2
[6784] 2 2 2 2 2 2 1 2 1 2 1 2 2 3 1 2 2 2 2 2 1 1 1 2 1 2 2 2 3 2 2 1 2 2 1 2 2 2 1 2 2 2 2 1 2 2 2 4 1 2 2
[6835] 2 2 1 3 3 1 2 1 2 1 1 3 1 2 2 2 3 2 2 2 2 1 2 2 2 3 4 2 2 2 2 2 2 2 2 3 2 2 2 2 3 3 2 2 2 3 2 1 1 2 2
[6886] 2 2 2 3 3 2 2 2 3 3 4 4 3 1 3 1 6 2 2 2 2 2 3 2 2 2 4 4 2 2 2 2 5 2 4 4 3 2 2 4 4 4 1 3 2 2 2 3 2 2 1
[6937] 2 2 2 2 2 2 2 2 2 2 1 1 1 1 2 1 2 2 2 2 3 3 1 2 3 2 2 2 2 1 2 1 1 1 2 1 2 1 1 3 2 2 2 1 1 3 1 2 1 3 2
[6988] 2 1 2 2 2 2 3 2 2 2 2 2 2 2 2 2 2 2 3 2 2 2 2 1 1 3 3 2 2 2 2 1 2 1 2 2 2 2 2 1 2 2 2 2 2 2 2 3 2 2 2
[7039] 1 2 2 1 1 1 1 4 4 4 5 5 3 1 2 1 2 2 1 2 2 2 1 1 1 3 2 1 1 1 1 2 2 2 2 2 2 2 2 2 2 2 2 2 3 1 2 2 2 1 2
[7090] 2 2 2 1 1 2 2 2 2 3 2 2 2 2 3 3 3 3 2 1 2 2 2 1 1 2 1 1 2 2 1 3 3 2 2 2 2 4 2 3 3 3 2 2 2 2 2 2 2 1 2
[7141] 2 2 2 2 3 3 2 2 2 2 3 1 1 1 1 2 1 1 1 2 3 4 4 3 2 2 2 2 4 2 2 3 2 2 2 2 1 1 3 3 3 2 2 2 2 2 2 1 2 4 2
[7192] 2 2 1 1 2 2 2 3 2 2 2 2 2 1 1 3 1 1 1 3 2 2 2 4 6 6 3 2 2 2 2 1 2 4 3 1 1 2 1 2 2 2 2 2 2 2 2 1 2 2 2
[7243] 2 3 3 3 2 4 2 2 2 2 1 2 2 2 5 1 2 2 2 2 2 3 4 3 4 5 1 2 2 2 1 2 2 2 3 1 1 3 1 2 2 1 3 1 2 1 3 3 3 2 2
[7294] 3 1 2 2 1 3 1 2 1 2 1 4 1 2 1 1 1 3 2 1 1 2 1 2 2 2 2 2 1 2 2 2 2 2 2 2 2 3 2 2 2 3 3 3 4 3 3 2 1 2 2
[7345] 2 2 2 2 2 2 3 2 2 2 3 5 4 3 3 3 4 3 3 2 2 2 3 2 2 2 2 1 2 2 2 2 1 1 1 1 2 2 1 1 2 3 4 2 2 2 2 1 1 1 2
[7396] 2 3 3 3 2 1 2 1 1 1 4 2 2 2 2 1 2 2 1 1 1 1 1 2 2 2 3 2 1 1 3 1 2 2 2 1 1 1 2 2 2 1 2 2 2 2 1 4 4 4 2
[7447] 3 3 3 3 1 2 2 2 2 1 1 2 2 2 2 2 2 2 1 2 2 2 2 1 3 1 1 2 3 2 1 1 2 2 4 4 3 2 3 1 1 1 2 1 2 2 2 2 2 2 2
[7498] 2 1 2 2 2 2 2 2 3 3 3 2 2 2 2 2 1 2 2 2 2 3 4 1 1 1 3 3 1 2 1 1 3 1 2 2 1 3 1 1 3 2 2 2 4 3 1 4 1 3 4
[7549] 4 2 2 1 1 1 2 2 1 1 1 2 3 2 2 2 2 2 2 2 2 2 2 2 2 2 3 2 3 3 4 4 2 2 2 2 2 2 3 1 3 1 1 1 2 2 1 1 2 1 2
[7600] 2 2 1 1 2 2 2 1 2 2 1 1 3 2 2 2 2 2 2 2 2 2 2 3 4 2 1 2 2 2 2 2 2 1 2 2 2 2 2 2 2 2 2 2 1 2 2 3 3 2 2
[7651] 2 2 1 2 2 2 1 1 1 1 2 2 1 1 1 1 1 2 1 2 2 2 2 2 2 1 3 2 2 2 1 1 1 2 2 2 2 2 2 3 2 2 2 2 2 2 2 2 2 1 1
[7702] 2 2 3 3 1 1 2 1 2 2 2 2 1 2 2 2 2 3 1 1 1 2 2 3 2 2 2 2 2 2 2 2 2 2 2 2 2 2 1 2 2 2 2 2 3 1 1 1 2 2 3
[7753] 2 1 1 3 2 2 2 2 2 2 1 1 3 3 2 2 2 3 4 3 2 2 1 1 1 3 3 3 3 1 3 2 3 2 2 2 2 2 2 1 1 3 3 1 1 2 2 2 1 1 3
[7804] 3 1 2 2 2 2 2 3 2 2 2 2 3 1 1 2 3 2 2 2 2 1 2 1 2 2 3 1 1 1 2 1 1 1 2 2 3 2 2 2 3 1 2 2 2 1 3 4 3 3 2
[7855] 2 1 3 2 2 2 2 2 2 1 1 2 3 2 2 2 2 2 1 1 1 2 2 2 2 2 2 2 2 2 2 4 3 1 2 2 2 2 1 2 2 2 1 1 3 3 3 2 2 1 2
[7906] 1 1 2 1 3 2 1 1 2 1 1 1 1 2 2 2 1 2 2 2 1 2 2 2 2 2 2 2 2 2 4 2 6 6 5 1 2 2 2 2 1 2 1 1 1 1 1 2 2 2 1
[7957] 1 4 2 2 2 2 3 2 2 2 1 3 1 3 2 2 2 2 2 2 1 2 2 2 2 1 1 3 3 3 2 2 2 2 2 2 2 1 1 2 3 3 1 1 1 2 2 2 2 2 1
[8008] 2 3 1 3 2 1 2 2 2 1 1 1 1 2 3 1 2 2 2 1 4 4 4 2 1 2 2 2 1 2 2 2 2 1 1 2 1 2 2 2 2 2 2 3 1 1 1 2 2 2 2
[8059] 2 2 1 2 2 2 2 4 2 2 2 2 2 1 1 1 1 2 1 1 1 2 2 2 2 2 1 3 1 1 1 1 1 2 2 2 3 2 1 2 2 2 4 1 1 2 2 2 1 1 2
[8110] 2 3 1 1 1 1 2 3 3 1 2 2 3 4 2 2 2 2 2 2 2 2 1 1 4 3 1 1 3 1 2 2 3 2 2 2 1 2 2 2 2 2 2 2 1 2 2 1 2 2 2
[8161] 2 2 2 2 3 2 2 2 2 2 2 2 4 2 2 1 2 3 2 2 2 2 2 1 2 2 6 1 2 4 2 1 1 1 1 2 2 2 2 2 2 2 1 2 1 2 2 2 3 2 2
[8212] 2 3 2 2 2 2 2 1 2 2 2 1 2 2 2 2 3 1 2 2 2 2 2 2 2 2 1 3 2 2 2 2 2 3 3 3 1 1 3 5 5 2 2 1 3 1 1 2 1 1 3
[8263] 2 3 2 2 2 1 1 1 2 2 1 1 1 2 3 1 2 2 2 2 2 2 3 2 3 3 3 2 2 1 1 1 4 4 2 2 2 2 2 2 2 2 2 3 3 1 1 2 1 5 5
[8314] 6 2 2 1 1 1 2 2 3 3 2 3 3 3 4 4 4 1 1 3 3 2 1 2 2 2 1 2 3 2 2 2 1 2 2 2 2 3 1 3 2 4 2 1 2 3 2 1 3 3 2
[8365] 2 2 3 2 2 2 1 1 3 3 4 1 1 2 1 1 2 1 2 3 2 5 5 3 2 2 2 2 4 1 3 3 3 2 1 1 3 1 3 4 3 1 1 2 2 2 2 2 1 2 2
[8416] 2 2 3 3 2 1 1 2 2 2 2 1 1 2 1 1 2 1 2 2 1 2 2 2 3 4 1 1 1 3 2 2 2 1 3 1 2 1 2 2 2 3 3 2 2 3 2 2 1 2 2
[8467] 2 4 2 2 2 1 2 2 2 2 1 2 2 2 2 1 1 2 2 2 2 3 3 1 3 2 2 2 1 1 2 2 2 2 1 2 2 2 2 1 2 3 2 3 4 4 2 1 1 1 3
[8518] 1 2 1 2 2 3 3 2 2 2 1 3 1 1 2 1 2 2 2 1 2 2 2 1 1 2 2 2 2 2 1 2 2 2 3 2 1 1 1 3 2 1 2 2 3 2 2 2 2 2 1
[8569] 1 1 2 4 2 1 2 2 2 1 2 1 1 1 1 1 3 3 3 2 2 2 1 2 4 2 2 2 2 2 2 3 3 1 2 1 2 2 2 2 2 2 2 2 2 1 1 2 2 2 2
[8620] 2 2 2 2 2 2 2 3 2 1 2 2 3 2 1 2 2 4 2 2 2 2 2 2 2 2 2 1 2 2 2 1 2 2 2 2 2 1 1 2 2 3 2 2 2 2 2 2 2 4 2
[8671] 2 2 2 2 3 4 3 1 2 2 2 2 1 2 3 3 1 2 1 1 3 1 3 3 3 1 4 3 1 2 1 2 2 2 3 4 3 3 3 2 2 2 1 1 1 2 2 1 3 2 2
[8722] 1 2 1 2 2 2 5 1 3 2 2 2 2 1 3 1 3 1 3 2 2 2 2 2 2 2 3 1 2 1 2 2 1 2 2 2 1 1 1 2 1 2 2 2 2 4 2 2 2 3 2
[8773] 1 1 2 2 3 3 3 2 1 2 2 2 2 2 2 2 2 2 2 2 2 2 3 4 4 4 2 2 2 3 4 2 1 2 2 2 2 2 2 3 4 4 2 2 2 2 1 2 2 1 2
[8824] 1 2 2 3 2 2 2 2 2 2 1 2 3 2 1 1 1 1 1 1 2 2 2 2 2 2 2 2 2 2 2 2 1 2 1 3 1 1 3 3 3 2 3 3 1 1 2 2 2 2 2
[8875] 2 2 2 1 3 3 3 3 4 2 2 1 2 2 2 2 2 2 2 2 2 2 2 2 3 2 2 2 2 3 2 2 2 1 1 3 1 2 1 1 1 1 2 2 2 2 2 1 2 2 2
[8926] 2 2 2 2 2 2 2 2 1 1 2 2 3 1 1 2 2 2 2 2 1 2 1 1 2 1 1 3 3 1 2 2 2 1 2 1 2 2 2 2 2 2 2 3 1 2 2 2 2 2 2
[8977] 2 2 2 2 2 2 2 1 2 2 2 2 3 2 2 1 1 1 2 2 2 2 2 1 1 1 1 1 1 4 2 2 2 1 2 2 2 4 2 3 3 1 3 2 4 4 4 2 2 2 2
[9028] 2 2 2 1 1 1 2 1 2 2 2 3 2 2 2 2 2 1 1 1 2 3 2 2 2 2 2 2 2 2 1 3 3 3 2 2 2 1 1 2 1 2 2 2 3 2 2 2 2 2 2
[9079] 2 2 2 2 2 2 2 2 2 2 2 2 2 3 1 1 1 2 2 2 2 2 2 1 2 2 1 3 2 2 2 2 1 1 1 2 2 2 2 2 2 2 2 2 2 2 2 2 2 3 2
[9130] 2 2 2 2 5 6 4 2 3 4 4 4 4 4 3 2 2 2 2 1 1 2 1 1 2 3 1 1 2 2 2 2 2 3 1 2 2 2 3 1 3 3 2 1 2 2 2 2 2 2 1
[9181] 1 2 2 3 3 5 3 1 1 2 1 2 2 2 2 2 2 2 2 2 2 2 2 1 1 1 2 2 2 1 3 2 2 2 2 1 2 2 2 1 2 2 1 2 2 2 2 2 2 2 2
[9232] 2 2 2 2 3 3 2 2 2 2 2 2 2 2 4 5 5 2 4 4 5 2 2 2 2 4 2 2 1 2 2 3 2 1 1 4 2 1 3 2 2 2 2 2 2 2 2 2 2 2 2
[9283] 1 2 1 1 1 2 2 2 2 2 2 2 2 3 2 1 2 2 2 2 2 2 2 2 2 2 2 1 2 2 2 3 1 1 1 2 2 2 1 1 1 1 2 2 2 2 2 2 2 2 1
[9334] 2 2 2 3 3 3 3 3 4 1 3 3 2 2 2 2 2 4 6 5 1 3 3 1 2 2 2 2 1 1 2 2 2 1 1 2 2 2 2 2 2 2 2 2 2 3 3 2 2 2 1
[9385] 3 4 2 1 3 2 2 2 3 3 3 2 2 1 2 2 2 2 2 1 2 2 2 2 2 1 2 2 2 2 2 2 2 1 2 2 2 2 2 2 1 2 2 2 4 2 2 2 2 2 2
[9436] 2 2 2 1 4 2 2 2 2 2 2 2 2 2 3 3 4 5 2 1 1 2 2 1 2 1 1 1 2 2 1 1 1 1 2 1 2 2 2 2 2 2 2 4 6 2 2 2 2 4 4
[9487] 2 1 2 2 2 1 2 2 2 2 2 2 2 2 2 2 2 1 2 2 1 1 3 3 3 2 2 2 2 1 2 2 2 1 2 2 2 2 2 2 4 2 2 2 1 1 2 2 2 2 2
[9538] 2 2 1 2 2 2 2 1 1 2 2 2 3 2 1 2 2 1 2 2 1 2 2 2 2 2 2 2 2 2 2 2 2 2 2 2 2 2 2 2 2 2 2 2 2 2 2 2 2 2 2
