   [1]  1  1  1  1  2  2  3  2  2  2  1  2  2  2  3  3  2  3  2  2  2  2  2  2  2  2  3  3  3  2  3  1  4  1
  [35]  4  3  2  1  2  1  3  3  1  1  2  2  2  2  1  1  2  2  2  1  2  2  2  1  1  2  5  3  6  4  4  2  4  2
  [69]  4  1  6  2  1  1  2  2  1  2  2  1  2  2  2  1  3  3  3  4  6  1  4  1  1  2  2  1  2  4  2  2  2  2
 [103]  3  2  1  4  1  3  2  3  2  2  4  1  6  6  4  2  3  2  2  2  1  6  4  6  4  3  2  2  2  2  4  1  2  2
 [137]  2  1  2  3  3  3  3  6  1  1  2  2  1  2  2  2  2  2  2  2  2  3  3  2  2  2  3  5  1  2  4  1  1  2
 [171]  2  3  6  4  2  2  2  2  2  2  1  2  1  1  1  3  1  2  2  2  1  1  2  2  2  6  2  2  2  2  2  4  1  2
 [205]  2  4  2  2  2  2  4  2  2  2  2  6  6  5  7  7  2  4  2  2  2  2  1  1  1  2  2  6  2  2  2  2  2  2
 [239]  2  2  2  2  3  3  3  3  2  2  1  1  1  4  4  4  4  2  1  2  2  2  2  7  5  2  4  1  1  4  2  2  2  2
 [273]  2  2  2  2  2  2  2  2  2  2  2  1  7  7  4  2  2  2  2  2  4  4  6  5  5  5  2  2  1  6  1  3  6  5
 [307]  6  6  4  1  4  4  2  3  3  3  3  1  2  1  1  2  2  2  2  2  2  3  3  2  2  3  2  3  3  2  2  2  1  2
 [341]  2  2  3  3  3  6  4  6  4  4  3  2  2  2  2  1  2  4  4  6  3  4  2  2  2  4  2  2  1  1  2  3  6  6
 [375]  6  2  2  1  1  1  2  1  6  4  1  6  2  2  2  4  2  3  2  4  2  3  3  3  2  2  2  2  2  2  2  2  2  2
 [409]  1  4  2  2  2  4  3  4  6  2  2  2  6  3  2  2  2  4  1  7  5  5  2  2  2  2  2  2  3  2  1  2  2  1
 [443]  2  2  2  4  7  1  2  2  8  2  4  6  4  2  1  1  1  3  2  2  2  2  2  2  2  1  2  2  1  5  6  6  2  6
 [477]  2  2  2  2  2  2  2  2  6  2  3  3  3  2  2  2  2  3  4  1  1  2  3  1  1  3  2  2  2  2  6  2  2  2
 [511]  2  6  5  2  2  2  3  2  2  2  1  2  4  2  2  2  1  4  2  2  2  1  1  2  2  2  3  2  1  1  1  4  3  2
 [545]  2  2  5  2  2  2  2  1  3  2  2  1  6  2  3  3  3  1  2  2  2  5  5  2  2  2  1  1  2  2  2  2  3  2
 [579]  2  2  2  2  2  2  2  5  4  4  1  2  1  2  2  2  3  2  3  3  3  1  1  2  2  2  1  6  2  1  1  1  2  2
 [613]  2  2  2  1  2  2  2  1  3  2  2  3  2  2  2  2  1  2  1  2  3  6  4  5  5  6  4  6  5  7  7  3  2  2
 [647]  2  2  2  2  3  3  3  1  2  2  3  3  2  2  4  6  6  2  1  2  3  3  1  2  4  6  6  2  3  2  2  7  6  2
 [681]  2  2  4  4  2  2  1  1  5  5  5  6  3  2  2  1  2  1  1  1  2  2  2  2  2  2  2  2  2  2  6  2  3  3
 [715]  3  3  3  2  2  2  2  3  2  2  2  5  6  4  4  3  3  3  3  2  2  5  1  1  1  2  3  2  1  1  2  2  1  3
 [749]  3  3  2  1  1  1  1  2  3  3  3  3  7  3  2  2  2  2  6  6  6  4  3  4  4  6  4  4  6  5  9  4  2  3
 [783]  2  3  2  2  2  1  2  4  4  4  1  2  1  1  1  2  3  2  2  2  2  3  2  2  2  2  5  2  2  2  2  2  2  2
 [817]  2  3  1  4  1  2  2  2  6  3  2  2  2  3  2  2  2  3  2  4  2  1  2  2  2  2  2  2  3  2  3  3  3  3
 [851]  1  3  1  2  2  1  2  3  2  2  2  2  3  3  3  3  2  3  1  1  1  2  4  3  2  2  2  2  2  3  3  3  3  3
 [885]  2  2  1  1  2  6  2  3  2  2  6  3  2  2  2  4  3  3  3  3  1  7  2  2  2  2  2  7  8  9  6  1  2  2
 [919]  2  4  2  2  2  2  4  6  5  6  4  2  1  2  7  3  2  2  2  2  2  2  2  2  2  2  2  2  2  6  6  6  6  4
 [953]  1  2  1  1  1  6  2  2  2  4  2  2  2  2  1  3  2  2  2  6  2  8  2  2  2  2  2  4  1  2  1  2  2  2
 [987]  2  2  2  2  2  2  2  2  3  2  3  3  3  2  6  5  4  2  2  1  1  1  2  4  9  7  7  3  2  2  3  3  2  3
[1021]  2  2  2  6  1  3  3  2  4  2  2  2  2  1  6  2  2  1  1  6  2  2  2  2  1  1  4  1  3  3  3  1  5  6
[1055]  6  4  3  1  4  4  1  5  4  7  9  9  6  2  2  4  2  1  3  2  2  2  2  3  2  2  2  2  1  2  2  2  3  6
[1089]  2  2  1  3  3  4  4  2  6  1  2  2  2  2  2  1  1  2  1  1  1  1  1  3  3  2  2  2  2  1  2  2  2  4
[1123]  2  1  1  1  4  3  2  2  2  4  3  1  2  3  2  4  4  1  2  3  2  2  2  4  2  2  4  1  1  3  1  1  1  5
[1157]  6  6  1  2  1  2  2  4  2  2  2  2  6  6  2  2  2  3  3  1  5  6  2  2  2  2  2  2  2  2  2  6  2  2
[1191]  2  2  2  1  3  2  2  6  2  1  1  1  3  3  3  3  2  1  2  2  2  2  2  1  1  5  3  2  1  1  1  6  7  7
[1225]  5  4  3  1  2  2  2  2  3  3  2  2  2  1  1  3  5  2  1  2  2  3  6  4  4  7  2  2  2  2  3  2  2  3
[1259]  1  3  2  2  2  3  2  2  2  1  1  3  2  2  2  2  2  2  2  2  1  3  2  2  2  3  2  1  2  2  3  2  1  1
[1293]  2  1  3  2  2  2  2  3  2  2  2  3  1  4  4  1  2  3  2  2  2  1  2  2  2  2  2  1  1  1  2  2  3  3
[1327]  3  3  2  4  1  1  1  6  6  1  3  2  2  1  1  1  4  7  7  7  7  3  2  2  2  2  2  3  3  2  3  2  1  2
[1361]  2  2  4  1  2  2  2  5  2  2  2  2  2  3  2  2  2  4  2  2  2  2  4  3  1  1  1  2  6  5  6  6  2  2
[1395]  2  2  2  2  1  6  5  5  6  4  1  1  2  1  2  4  1  1  1  3  1  1  1  1  2  5  5  4  3  2  1  6  6  1
[1429]  6  6  7  6  1  4  1  1  1  3  3  3  3  3  2  1  2  2  2  1  2  2  2  2  1  1  1  4  1  1  2  2  1  2
[1463]  4  2  4  6  4  2  2  2  2  2  6  2  1  1  1  3  6  6  6  6  1  1  2  2  2  5  4  2  6  3  1  1  4  4
[1497]  1  2  6  6  2  2  2  4  2  2  2  2  1  1  4  6  6  4  1  2  2  2  3  6  1  1  1  4  2  3  2  2  1  2
[1531]  6  5  6  6  6  2  2  2  2  2  2  6  2  2  2  6  4  2  2  2  2  1  1  1  1  4  1  5  7  5  2  5  1  2
[1565]  2  2  2  2  4  4  1  1  2  5  2  1  1  1  2  4  6  6  4  1  6  2  1  1  2  3  2  2  2  2  4  2  2  1
[1599]  2  7  7  5  5  5  2  4  2  2  2  2  2  7  7  7  2  2  2  2  2  2  3  2  1  2  1  4  2  2  2  3  3  2
[1633]  3  2  1  2  3  2  2  2  1  1  1  2  2  2  2  1  2  2  1  2  2  1  4  1  1  6  2  2  2  1  1  2  2  2
[1667]  2  2  4  2  1  1  2  1  2  5  5  5  4  2  2  2  2  3  2  3  2  3  3  6  2  2  2  2  4  1  1  1  4  2
[1701]  2  2  2  6  6  2  2  2  6  1  2  2  2  4  2  2  2  2  3  3  3  2  4  1  7  7  5  2  2  2  2  2  1  4
[1735]  1  4  6  2  1  2  2  2  1  1  1  1  2  2  5  4  4  1  2  2  2  2  2  3  4  2  2  2  2  2  3  3  3  2
[1769]  7  2  1  2  2  3  3  3  3  3  4  6  2  1  1  1  1  3  2  2  1  2  2  1  2  2  2  2  6  6  5  5  2  2
[1803]  1  2  2  2  2  2  2  6  3  2  1  2  2  1  3  3  3  1  1  2  2  2  2  1  1  9  8  6  2  2  2  2  2  3
[1837]  1  1  1  2  6  5  5  3  3  2  3  3  3  2  2  2  4  1  1  1  2  3  2  2  2  2  2  1  1  1  4  2  2  2
[1871]  2  2  4  2  2  2  3  6  1  4  1  2  6  2  2  2  4  6  7  9  6  6  5  2  6  5  2  2  2  2  2  2  2  2
[1905]  2  4  2  2  1  2  2  3  3  2  4  1  4  1  6  6  5  6  6  4  2  2  2  1  2  2  2  2  2  6  2  2  2  1
[1939]  4  6  2  1  4  3  2  2  2  2  4  2  1  1  1  2  2  2  2  2  2  3  2  2  4  3  2  1  2  2  2  7  4  1
[1973]  1  1  3  4  2  2  2  2  6  6  2  2  2  1  1  1  4  5  2  1  1  1  4  1  1  1  1  2  1  1  6  2  2  2
[2007]  2  2  2  1  2  2  2  2  1  1  1  2  1  2  2  2  1  4  2  2  2  2  6  2  2  6  4  1  1  1  2  2  2  1
[2041]  2  2  4  4  6  2  2  1  1  1  2  2  3  2  4  1  1  2  2  2  1  1  2  3  2  3  3  2  4  2  5  5  5  4
[2075]  2  2  2  2  3  1  2  2  2  4  2  2  2  2  2  3  2  2  2  1  2  2  2  2  2  1  2  2  2  1  3  2  2  2
[2109]  1  4  4  1  2  4  2  2  1  1  2  2  2  2  1  2  2  2  2  2  3  3  3  2  3  1  3  2  3  2  3  2  2  2
[2143]  3  2  2  2  3  2  2  2  2  2  3  1  2  2  2  3  2  2  2  2  1  2  2  2  3  1  2  2  2  2  4  2  3  3
[2177]  3  1  6  1  2  2  2  2  2  2  2  6  6  1  4  1  2  3  3  3  3  4  1  2  2  2  2  2  2  2  3  1  2  2
[2211]  2  2  4  2  2  2  2  5  5  5  2  2  4  4  6  1  3  3  2  1  1  2  2  3  1  1  3  2  2  2  2  2  1  1
[2245]  2  2  1  1  2  2  1  3  1  1  1  3  4  3  2  2  2  2  3  2  2  2  2  2  2  1  4  4  2  1  4  1  2  2
[2279]  2  2  1  2  2  2  2  3  3  3  3  3  3  3  2  2  2  4  2  5  5  6  4  1  5  9  7  1  2  2  2  2  5  6
[2313]  2  2  2  2  2  3  3  3  1  4  2  2  6  2  3  4  7  4  1  1  1  1  2  6  6  4  2  1  2  2  2  3  3  3
[2347]  2  3  2  2  2  2  2  2  2  2  4  2  2  2  2  4  3  4  6  4  1  6 10  3  3  2  2  2  1  1  2  2  2  3
[2381]  3  2  6  3  2  2  2  2  2  2  1  1  2  2  1  2  2  2  2  2  2  1  1  2  2  3  2  2  2  2  2  2  2  4
[2415]  6  4  4  6  1  2  3  3  3  1  2  2  2  2  1  2  1  1  2  1  6  4  4  4  2  2  2  2  2  1  4  1  1  2
[2449]  4  2  2  2  6  2  2  2  2 10  1  2  1  1  1  3  3  2  2  2  2  2  3  1  1  1  2  1  1  1  2  2  2  1
[2483]  4  1  2  3  1  1  3  2  2  3  2  2  2  2  2  2  2  4  2  2  2  2  2  2  1  2  2  2  3  3  1  1  2  2
[2517]  5  2  2  2  1  2  2  2  2  4  1  6  5  5  2  3  2  2  2  1  1  6  5  6  1  6  2  2  2  4  2  2  2  2
[2551]  3  2  2  2  2  3  3  3  3  3  2  2  3  2  2  6  2  1  4  1  1  3  2  2  2  3  1  1  1  4  1  2  2  2
[2585]  2  2  2  3  1  6  6  4  4  2  3  3  5  2  2  2  2  1  2  1  1  1  3  3  3  2  2  3  2  2  3  1  5  6
[2619]  1  2  1  1  2  3  2  3  3  3  2  1  3  2  3  2  2  3  1  1  1  3  1  3  3  3  3  2  2  2  1  2  2  2
[2653]  3  3  3  2  4  2  2  2  2  2  2  2  2  1  1  2  2  2  2  2  2  2  2  2  2  2  4  1  5  6  4  2  6  3
[2687]  3  4  2  2  2  1  2  1  2  2  1  2  1  1  2  2  4  2  2  2  2  5  5  5  2  6  2  1  1  1  3  2  2  2
[2721]  7  2  1  4  1  1  4  5  6  6  1  3  4  6  2  2  2  2  2  3  2  3  3  3  3  1  2  2  2  2  1  2  2  2
[2755]  4  2  2  2  2  1  1  6  4  1  1  2  6  5  5  5 10  5  4  4  3  3  3  2  2  3  2  1  2  4  2  2  1  2
[2789]  3  2  1  1  2  6  3  2  2  2  1  3  2  2  2  1  2  1  1  2  3  3  2  1  1  6  4  1  1  1  4  2  1  4
[2823]  1  2  2  2  2  2  2  2  1  2  2  2  3  2  2  2  2  1  2  2  1  1  4  2  2  2  2  1  3  3  3  3  3  1
[2857]  3  3  3  3  3  5  2  2  2  3  5  1  6  2  2  2  2  3  1  2  2  2  1  3  2  1  2  2  2  2  1  2  3  3
[2891]  3  2  2  3  3  2  3  1  2  2  2  2  3  4  6  4  3  2  1  1  2  2  2  2  2  2  2  1  5  2  2  3  2  2
[2925]  2  2  2  6  5  6  3  2  3  3  3  5  2  2  4  1  1  6  1  1  1  2  2  2  2  2  2  2  2  1  3  3  3  2
[2959]  6  1  2  2  2  4  2  2  2  2  6  1  1  2  2  2  2  5  1  2  2  2  2  2  2  4  2  2  4  2  2  3  1  2
[2993]  6  4  6  6  1  1  1  2  1  1  2  3  2  2  2  2  6  1  2  1  2  3  1  2  2  3  3  3  2  2  1  3  4  1
[3027]  2  2  2  4  6  5  4  4  2  2  2  2  6  2  2  2  2  1  2  3  3  3  3  2  3  3  3  2  4  3  3  2  2  2
[3061]  2  2  2  6  3  3  3  3  3  2  2  1  1  2  6  1  4  1  2  2  3  3  3  2  4  2  1  1  1  3  3  3  3  3
[3095]  1  1  1  1  2  4  1  2  2  2  3  3  3  3  3  6  1  2  1  1  2  2  2  2  2  3  1  2  2  1  3  1  2  2
[3129]  5  6  6  4  2  1  1  1  4  3  1  2  2  2  2  2  2  2  2  2  1  2  2  2  2  1  1  2  2  2  2  1  2  2
[3163]  2  9  2  2  2  2  2  6  1  1  2  2  3  2  2  2  2  2  1  2  1  1  2  2  4  4  6  2  2  1  5  2  1  2
[3197]  2  2  2  2  2  1  1  5  5  5  5  2  2  2  2  3  1  1  2  1  2  2  2  2  1  3  2  2  1  3  2  2  3  2
[3231]  6  2  2  2  3  7  2  1  1  3  4  2  2  2  2  6  2  2  2  2  2  2  1  2  2  2  2  3  3  3 10  5  2  2
[3265]  3  3  2  4  2  2  2  2  6  2  2  2  2  1  6  2  2  2  3  1  1  1  1  2  7  6  6  1  2  2  6  3  2  2
[3299]  2  4  2  2  2  2  3  2  1  1  2  6  6  2  2  2  3  3  2  2  2  4  6  1  1  2  2  6  6  5  6  1  3  2
[3333]  2  2  4  4  7  7  6  2  6  2  2  2  2  1  2  2  2  2  1  2  2  2  8  9  8  3  1  2  2  2  2  1  1  1
[3367]  1  1  4  1  2  1  1  1  1  6  1  2  2  2  6  3  2  3  3  3  3  2  2  4  5  4  1  2  2  3  3  2  1  1
[3401]  1  3  2  2  1  2  6  2  7  7  7  2  1  4  2  1  1  4  1  6  6  6  2  2  2  5  2  1  1  1  5  2  5  5
[3435]  5  1  2  1  1  2  2  3  2  2  2  2  1  3  4  4  6  6  5  3  4  3  3  3  3  2  2  2  2  5  4  2  2  2
[3469]  5  4  3  3  3  4  3  2  2  2  3  2  6  6  4  1  2  2  1  1  1  6  2  2  2  1  4  2  2  3  3  3  2  1
[3503]  1  1  3  1  1  1  5  2  2  2  2  2  5  2  2  2  2  2  2  4  2  2  2  2  3  2  3  3  3  1  1  4  1  1
[3537]  1  2  2  3  3  2  1  3  2  2  2  3  6  2  2  2  2  3  3  3  2  3  3  3  3  2  6  2  2  2  3  3  2  6
[3571]  4  4  1  1  6  6  4  3  2  2  2  2  3  1  2  2  6  7  3  6  2  2  2  3  2  2  2  2  3  1  2  2  2  2
[3605]  3  2  3  3  3  4  4  6  1  2  2  1  1  2  2  2  1  2  1  2  2  1  1  6  4  1  4  1  2  2  1  1  1  2
[3639]  2  2  1  2  1  1  1  2  3  3  3  2  2  1  1  2  1  6  1  1  2  1  3  2  1  2  3  1  1  1  2  2  2  2
[3673]  2  1  3  2  3  3  5  2  2  2  1  5  4  4  4  6  1  2  2  2  1  4  2  2  2  2  3  3  2  3  2  3  6  4
[3707]  1  1  3  1  2  2  4  2  2  2  2  3  2  2  2  2  2  1  1  1  2  2  1  3  2  2  2  3  1  2  1  2  4  1
[3741] 10 10  2  2  2  2  2  3  3  2  2  2  2  1  2  2  2  6  3  3  3  3  4  1  2  2  5  5  7  9  3  1  2  2
[3775]  2  1  2  1  2  1  3  1  9  9  7  3  2  2  2  2  4  4  1  4  4  6  2  2  2  2  2  1  2  2  2  3  4  4
[3809]  4  4  1  3  3  3  6  2  2  2  2  2  3  2  2  2  2  2  1  2  2  1  1  2  2  2  2  6  2  2  2  4  1  2
[3843]  2  2  2  2  2  2  2  1  1  1  1  4  2  2  2  2  1  4  2  2  2  1  5  1  1  1  2  2  8  8  9  3  1  4
[3877]  6  6  6  2  6  6  1  1  2  1  2  2  2  2  2  3  1  2  2  2  2  2  3  3  2  2  3  2  1  2  6  1  1  2
[3911]  2  6  6  2  2  2  3  3  2  3  2  1  3  3  3  3  5  2  2  2  3  2  3  3  3  6  2  2  4  2  2  1  1  1
[3945]  2  4  3  3  3  3  3  1  1  2  2  1  2  1  2  3  1  2  2  2 10  3  2  2  2  2  7  4  6  6  2  1  1  1
[3979]  2  2  2  5  5  5  4  4  5  7  5  1  2  1  1  2  1  1  2  2  2  3  2  2  2  2  3  6  8  8  8  5  3  5
[4013]  7  5  5  4  2  2  2  3  3  3  3  6  2  3  3  3  2  4  2  2  2  4  2  2  2  2  2  1  2  2  2  2  2  2
[4047]  2  6  4  2  2  2  3  3  2  2  2  3  2  2  2  2  1  4  2  2  2  3  1  7  9  7  2  2  1  1  2  3  2  2
[4081]  2  2  3  3  1  2  3  4  1  2  2  2  1  2  1  4  1  3  2  3  2  2  4  3  6  5  1  2  4  2  2  2  5  4
[4115]  1  1  4  1  2  2  2  2  3  2  2  2  2  3  2  2  2  4  2  2  2  2  3  2  2  2  2  2  2  2  2  2  1  2
[4149]  2  3  5  6  5  5  1  2  6  4  4  2  2  4  4  1  2  1  6  5  6  1  2  7  7  7  3  1  3  2  2  1  1  1
[4183]  4  4  4  4  2  2  6  1  6  3  2  2  3  2  1  2  2  2  2  5  7  4  1  2  1  2  2  2  2  2  2  2  2  2
[4217]  2  1  1  7  1  1  2  1  2  2  2  2  2  2  2  2  2  1  1  2  3  2  1  6  6 10  2  2  2  2  2  1  6  5
[4251]  5  6  2  3  2  2  2  6  3  3  3  3  1  1  1  3  2  2  2  1  1  1  4  6  6  1  5  5  5  1  2  2  1  2
[4285]  2  3  3  3  3  1  4  2  2  2  5  4  2  2  2  3  2  2  2  2  3  1  2  2  2  6  1  1  4  2  2  2  2  2
[4319]  2  2  2  2  3  3  3  1  1  3  4  1  3  2  3  2  3  1  1  2  1  2  1  3  2  2  1  3  2  1  6  3  2  2
[4353]  2  4  2  2  4  3  4  2  2  1  6  1  2  2  1  3  4  2  2  2  4  2  2  2  2  2  1  1  1  6  2  2  2  4
[4387]  2  2  1  2  3  2  2  2  3  2  2  2  2  3  1  2  2  2  2  2  1  2  2  1  4  1  1  2  2  2  3  3  3  6
[4421]  4  1  1  2  4  2  1  1  1  4  3  2  2  2  1  2  2  2  2  1  2  2  2  2  3  2  2  2  2  2  2  1  2  2
[4455]  2  1  4  4  1  2  2  2  2  4  6  2  2  2  2  2  1  1  2  2  2  2  2  2  1  2  6  6  6  2  2  2  2  4
[4489]  4  6  4  2  1  6  4  4  2  4  2  2  2  2  6  2  2  2  2  2  2  2  2  2  2  2  2  2  2  1  2  3  3  4
[4523]  2  2  2  2  5  2  3  3  2  2  6  2  3  3  2  1  2  2  2  2  1  3  3  3  2  3  3  2  2  1  2  2  3  2
[4557]  2  2  2  2  2  2  2  2  1  2  2  2  2  2  1  4  1  1  2  2  1  1  1  1  2  3  3  3  2  1  1  1  1  2
[4591]  3  5  5  5  2  3  2  2  2  4  2  2  2  2  1  3  2  2  2  3  3  2  2  2  2  6  2  2  2  1  1  3  5  5
[4625]  5  3  5  5  4  1  2  3  1  2  2  1  3  2  2  3  1  2  2  2  2  2  2  2  2  2  1  4  6  4  4  1  6  2
[4659]  2  2  3  2  2  2  2  2  2  2  2  2  2  3  3  2  3  2  5  5  5  3  1  2  2  2  2  2  2  2  2  2  3  1
[4693]  4  6  2  4  3  2  3  3  3  2  2  2  2  2  1  1  1  2  4  2  2  2  2  2  2  3  7  2  2  2  2  3  2  1
[4727]  1  6  6  7  4  2  2  2  2  3  2  2  2  2  3  2  2  2  4  2  1  1  4  3  2  2  3  2  5  2  1  1  4  3
[4761]  2  2  2  2  6  4  3  3  3  1  2  2  2  1  4  1  1  2  7  1  1  1  6  2  6  6  4  5  7  1  1  1  3  2
[4795]  3  2  2  2  6  5  1  8 10  2  2  2  1  1  2  5  2  2  2  2  1  2  2  2  2  1  2  2  2  4  3  1  1  6
[4829]  6  2  2  2  2  2  2  2  3  3  2  2  2  2  2  2  2  2  2  2  2  6  2  2  2  2  1  2  2  1  2  6  1  2
[4863]  1  2  2  2  2  5  2  2  1  1  1  3  3  3  3  5  2  3  3  3  1  3  2  2  2  2  3  2  2  2  3  2  1  2
[4897]  2  3  1  2  2  2  2  2  1  1  1  3  3  1  1  2  4  2  2  3  3  2  1  2  2  2  5  2  8 10  9  1  1  2
[4931]  6  6  4  4  3  6  5  5  5  2  1  7  9  7  2  2  2  2  2  1  2  4  1  2  6  5  5  5  6  2  4  2  2  2
[4965]  3  2  3  2  2  1  2  4  4  6  4  1  6  5  6  4  3  1  1  1  2  6  2  2  1  6  4  6  4  2  3  2  2  2
[4999]  2  1  2  2  2  1  6  2  2  2  3  6  2  1  2  3  1  2  2  2  3  3  2  2  4  6  2  2  2  6  6  6  4  4
[5033]  1  6  5  9  7  6  2  5  7  7  4  5  5  7  2  2  2  2  2  4  1  2  2  2  3  1  1  1  2  4  3  3  3  3
[5067]  3  2  2  2  2  3  6  4  4  1  9  9  7  4  2  2  4  5  2  1  2  4  2  2  2  2  3  2  2  1  2  2  2  2
[5101]  5  1  4  6  1  2  3  2  2  2  6  1  2  2  2  1  3  3  3  3  2  2  2  2  2  2  2  3  2  2  1  1  3  2
[5135]  2  2  3  3  2  2  2  2  2  2  2  1  2  4  4  6  9  6  3  3  1  1  1  3  2  4  6  5  6  2  1  4  2  2
[5169]  1  1  1  2  5  4  4  1  5  6  4  4  2  6  6  2  2  2  1  2  2  2  1  4  5  4  1  3  2  1  1  2  2  2
[5203]  2  2  2  2  2  2  2  2  2  2  2  2  2  2  2  2  2  6  2  2  2  1  3  2  2  2  2  2  2  2  3  2  3  2
[5237]  2  2  2  4  2  2  2  2  1  2  2  2  2  2  2  2  2  2  1  2  2  2  1  2  2  2  3  3  1  4  1  1  2  5
[5271]  5  5  1  6  2  1  1  2  6  6  2  1  1  2  2  2  2  2  3  1  2  1  3  2  2  4  1  1  4  6  3  1  2  1
[5305]  1  2  2  3  6  6  6  3  3  2  2  2  3  3  2  2  2  2  6  4  4  4  2  3  2  1  1  3  3  5  6  6  3  2
[5339]  3  3  3  2  1  4  1  1  1  1  4  8  8 10  1  1  2  2  2  2  2  1  1  1  2  2  1  1  1  3  1  1  4  4
[5373]  4  4  4  4  1  2  1  2  2  3  2  2  2  2  2  4  2  2  2  2  6  2  1  1  1  2  4  4  1  2  2  2  2  2
[5407]  2  2  2  2  2  1  2  2  2  3  2  2  2  2  1  2  2  2  2  2  5  1  1  6  1  7 10 10  2  1  2  2  2  2
[5441]  1  2  2  2  3  2  2  2  3  3  2  2  2  2  2  6  2  2  2  6  2  2  2  7  6  2  2  3  2  2  1  2  2  2
[5475]  3  1  2  2  2  3  3  2  4  4  4  2  6  2  2  3  6  3  2  5  5  5  3  2  2  2  2  4  1  2  2  2  2  5
[5509]  2  2  2  4  2  2  2  2  1  1  1  1  2  6  2  1  1  3  3  3  3  4  1  2  1  1  5  2  2  2  2  6  2  2
[5543]  2  2  2  2  4  4  6  2  1  1  2  2  2  1  1  1  6  2  1  1  1  1  5  1  4  4  4  2  2  2  2  2  2  5
[5577]  5  5  2  1  2  1  2  6  2  2  2  3  2  1  2  2  2  6  4  4  1  3  6  2  2  2  6  6  2  2  2  2  1  1
[5611]  1  1  1  1  2  6  1  2  2  2  4  2  2  2  2  2  2  1  4  1  1  2  1  4  1  2  4  2  2  2  2  2  2  2
[5645]  2  2  3  3  3  2  2  1  3  2  1  1  1  2  3  3  2  2  2  2  2  2  2  3  3  3  2  5  5  5  4  6  5  6
[5679]  4  1  6  6  4  1  3  3  2  1  2  1  2  2  2  2  5  6  6  6  4  2  1  1  1  2  2  2  2  1  1  2  3  2
[5713]  2  2  2  5  1  1  1  2  1  3  2  3  1  3  4  4  4  1  2  4  2  2  2  7  1  2  2  2  7  4  7  6  5  4
[5747]  4  1  1  4  2  2  2  2  2  2  1  3  3  3  4  2  2  2  2  3  2  4  4  1  1  2  1  6  1  2  4  6  7  6
[5781]  2  3  1  2  5  9  8  7  1  2  2  3  3  2  2  3  2  2  2  2  3  2  1  2  2  5  1  1  2  2  2  2  2  2
[5815]  2  1  2  7  7  7  3  3  2  2  2  2  2  2  2  2  2  2  2  2  2  6  1  2  2  2  2  3  2  2  2  2  2  2
[5849]  2  2  2  1  2  2  2  6  4  2  2  2  1  2  2  2  2  3  1  2  2  2  2  2  2  2  2  6  1  6  5  4  3  1
[5883]  1  1  1  2  2  2  2  2  4  2  2  2  1  1  1  3  5  6  6  3  2  2  2  3  2  3  3  3  2  2  2  2  2  3
[5917]  1  2  2  2  3  1  1  2  2  4  2  2  2  5  5  1  2  2  2  2  6  1  1  1  1  2  2  2  2  9  6  6  4  2
[5951]  2  2  2  2  3  1  6  4  4  3  2  2  2  3  2  6  2  2  2  3  2  1  1  1  4  1  1  1  1  1  6  4  1  2
[5985]  3  2  2  3  2  2  2  3  4  2  2  2  1  4  4  6  4  4  6  4  1  1  2  2  2  2  2  3  3  2  2  2  1  3
[6019]  3  1  2  1  1  2  1  3  3  5  3  2  1  2  1  2  4  1  1  1  1  2  2  2  1  2  2  2  2  3  1  2  2  2
[6053]  3  2  2  2  1  4  7  7  4  2  1  4  1  3  2  2  2  2  2  1  1  2  3  2  2  2  2  6  2  2  2  3  1  1
[6087]  2  2  1  3  1  1  1  1  3  2  2  2  3  1  2  2  2  2  2  1  1  1  1  3  2  2  2  2  1  3  2  2  2  6
[6121]  2  2  2  3  2  2  2  2  2  2  2  1  6  2  2  2  1  2  6  5  6  1  1  1  1  1  3  3  2  3  3  2  2  2
[6155]  2  2  3  2  2  2  6  1  6  5  9  1  4  1  1  3  2  2  2  2  3  2  2  2  4  1  2  1  1  3  4  2  2  2
[6189]  6  2  2  2  1  1  1  1  2  2  2  2  7  1  6  1  1  3  2  3  3  3  2  4  1  4  1  1  7  1  1  1  3  3
[6223]  3  3  3  2  1  1  2  1  2  2  2  2  5  1  1  1  3  2  3  3  3  2  2  2  3  3  1  2  1  1  1  2  2  2
[6257]  3  6  2  5  3  2  2  2  2  1  2  2  2  1  6  2  2  2  1  2  6  5  5  2  6  1  4  1  7  2  2  2  1  2
[6291]  3  2  2  2  6  1  9 10  9  1  2  2  1  2  3  2  2  1  1  2  1  3  3  3  2  2  2  2  2  2  3  4  6  4
[6325]  1  2  2  2  3  3  3  3  3  1  6  2  2  2  3  3  3  2  2  2  6  4  3  3  3  2  1  1  1  1  1  1  5  5
[6359]  6  1  1  1  1  2  3  1  2  1  2  2  4  4  1  2  2  1  1  1  3  2  2  6  4  6  6  3  1  2  2  3  3  2
[6393]  1  2  4  2  2  1  1  6  2  2  1  1  7  3  2  2  2  1  5  2  2  1  2  2  2  2  3  2  1  1  2  4  2  1
[6427]  2  1  2 10 10  4  2  9  9  5  2  3  1  1  2  5  7  9  5  3  2  2  1  1  2  1  2  2  2  1  3  2  3  3
[6461]  6  3  1  1  2  1  2  2  3  2  2  2  3  3  3  2  1  2  2  2  1  5  3  3  3  3  2  2  2  1  1  6  2  2
[6495]  2  2  2  2  2  2  6  4  6  6  4  2  2  2  2  2  3  1  5  6  4  1  2  5  5  5  2  2  2  2  2  2  1  2
[6529]  2  2  1  1  6  6  4  6  2  9  7  9  3  4  2  2  1  5  2  2  2  3  4  4  4  4  2  6  2  2  2  4  2  2
[6563]  2  4  1  1  6  2  1  2  2  4  7  1  2  2  2  4  4  1  5  7  2  1  1  6  4  6  2  5  5  5  4  2  2  2
[6597]  3  6  1  1  2  2  1  8  8  7  4  2  7  7  7  2  3  2  2  2  2  2  2  2  2  1  4  1  2  4  2  2  1  2
[6631]  3  3  3  1  3  2  2  2  2  1  2  2  2  4  2  2  2  2  2  3  2  2  2  2  2  3  2  2  1  1  1  1  6  6
[6665]  1  2  2  2  2  2  4  4  1  1  2  6  1  1  1  2  2  2  2  2  3  2  2  2  5  2  1  2  2  6  1  1  1  2
[6699]  2  3  4  2  2  1  5  2  2  2  6  2  1  1  1  2  2  1  1  1  6  3  2  2  2  2  1  7  5  5  3  2  3  3
[6733]  3  2  1  2  2  2  4  7  5  2  2  6  6  1  4  2  2  2  2  1  1  1  3  2  2  2  2  3  2  2  2  2  1  2
[6767]  2  2  2  1  2  3  3  3  1  6  1  1  1  5  3  2  2  2  2  2  2  2  2  1  2  1  2  1  2  2  4  1  2  2
[6801]  2  3  3  1  1  1  3  1  2  2  2  6  3  2  1  2  3  1  3  3  2  1  2  2  2  2  1  2  2  2  5  1  2  2
[6835]  2  2  1  4  4  1  3  1  2  1  1  4  1  3  3  3  4  2  2  2  2  1  2  2  2  6  5  2  2  2  3  3  2  2
[6869]  2  6  2  2  2  2  6  6  2  2  2  4  2  1  1  2  3  3  2  2  4  4  2  2  2  6  4  5  7  6  1  4  1 10
[6903]  2  2  2  2  2  6  2  2  2  5  5  2  3  3  3  9  3  5  5  6  2  2  5  7  7  1  4  2  2  2  6  2  2  1
[6937]  2  3  2  2  2  2  2  2  2  2  1  1  1  1  2  1  3  2  2  2  6  4  1  2  6  2  2  2  3  1  2  1  1  1
[6971]  3  1  2  1  1  4  3  3  3  1  1  4  1  2  1  6  2  2  1  2  2  2  2  4  2  2  2  2  2  2  2  3  3  2
[7005]  2  6  2  2  2  2  1  1  6  6  2  2  2  2  1  3  1  2  2  2  2  2  1  2  2  3  3  2  3  2  6  2  2  2
[7039]  1  3  2  1  1  1  1  7  5  7  8  9  6  1  2  1  2  2  1  2  2  2  1  1  1  4  3  1  1  1  1  2  2  2
[7073]  2  2  2  2  2  3  2  2  2  2  6  1  2  2  2  1  2  2  2  2  1  1  2  2  2  2  4  2  2  2  2  6  6  4
[7107]  4  2  1  2  2  2  1  1  2  1  1  3  2  1  6  4  3  2  2  2  5  2  4  6  4  3  2  2  2  2  2  2  1  2
[7141]  3  2  2  2  4  4  2  3  2  2  6  1  1  1  1  2  1  1  1  2  4  7  5  6  2  2  2  2  5  2  2  4  3  2
[7175]  2  2  1  1  4  6  6  2  2  2  2  2  3  1  2  5  2  2  2  1  1  2  2  2  4  2  2  2  2  2  1  1  6  1
[7209]  1  1  6  2  2  2  5 10 10  6  2  2  2  2  1  2  5  4  1  1  2  1  2  2  2  2  2  2  2  2  1  2  2  2
[7243]  3  6  6  6  2  5  2  2  2  2  1  2  2  2  8  1  2  2  3  3  2  4  5  6  5  8  1  2  2  2  1  2  2  2
[7277]  4  1  1  4  1  2  3  1  4  1  2  1  4  6  6  2  2  6  1  2  2  1  4  1  2  1  2  1  5  1  2  1  1  1
[7311]  4  2  1  1  2  1  2  2  2  2  2  1  2  2  2  3  2  2  2  2  6  2  2  2  6  6  6  5  4  4  2  1  2  2
[7345]  3  2  2  2  2  3  6  2  2  2  6  8  7  6  4  6  5  6  6  2  2  2  6  2  2  2  2  1  2  2  2  2  1  1
[7379]  1  1  3  2  1  1  2  4  5  3  3  3  2  1  1  1  3  2  4  6  4  3  1  2  1  1  1  7  2  2  2  2  1  2
[7413]  2  1  1  1  1  1  2  2  2  6  2  1  1  4  1  2  2  3  1  1  1  3  2  2  1  2  2  2  2  1  7  7  7  3
[7447]  6  6  6  6  1  2  2  2  2  1  1  2  2  2  2  2  2  2  1  3  2  2  2  1  6  1  1  2  6  2  1  1  2  2
[7481]  5  5  6  2  4  1  1  1  2  1  2  2  2  2  2  2  2  2  1  3  2  2  2  3  2  4  6  4  2  2  2  2  2  1
[7515]  2  2  2  2  6  5  1  1  1  4  4  1  2  1  1  4  1  3  3  1  4  1  1  6  2  2  2  7  4  1  5  1  6  5
[7549]  5  2  2  1  1  1  3  2  1  1  1  2  4  2  2  2  2  2  2  2  2  2  2  2  2  2  6  2  4  6  5  5  2  2
[7583]  2  2  2  2  4  1  4  1  1  1  3  2  1  1  2  1  3  2  2  1  1  2  2  2  1  2  2  1  1  4  2  2  3  2
[7617]  2  2  2  3  3  3  4  7  2  1  2  2  3  2  2  2  1  3  3  2  3  2  3  3  2  2  2  1  2  2  4  4  2  2
[7651]  2  2  1  2  2  2  1  1  1  1  2  2  1  1  1  1  1  2  1  2  2  2  3  2  2  1  6  2  2  2  1  1  1  2
[7685]  3  2  2  2  2  6  2  2  2  2  2  2  2  2  2  1  1  2  2  6  4  1  1  2  1  2  2  2  2  1  2  2  2  2
[7719]  6  1  1  1  3  2  6  3  2  2  2  3  2  2  2  2  2  2  3  3  3  1  2  2  2  2  2  6  1  1  1  2  2  4
[7753]  2  1  1  4  2  2  2  3  2  2  1  1  6  4  2  2  2  4  5  4  2  2  1  1  1  6  4  4  6  1  4  3  4  3
[7787]  2  2  2  2  3  1  1  4  4  1  1  3  2  2  1  1  4  4  1  2  2  2  2  2  4  3  3  3  2  4  1  1  2  4
[7821]  3  2  2  2  1  2  1  2  2  4  1  1  1  2  1  1  1  2  2  4  2  2  2  4  1  2  2  2  1  4  5  6  6  2
[7855]  2  1  6  2  2  2  2  2  2  1  1  2  4  2  2  2  2  2  1  1  1  2  2  2  2  2  2  2  3  2  2  5  4  1
[7889]  2  2  3  2  1  2  3  2  1  1  6  6  6  3  2  1  2  1  1  2  1  4  2  1  1  2  1  1  1  1  2  2  2  1
[7923]  2  2  2  1  2  2  2  2  3  2  2  2  2  5  2 10 10  8  1  2  2  2  2  1  3  1  1  1  1  1  2  3  2  1
[7957]  1  5  2  2  2  2  6  2  2  2  1  4  1  4  2  2  2  2  2  2  1  3  2  2  2  1  1  4  4  4  3  3  2  2
[7991]  2  3  3  1  1  2  4  4  1  1  1  2  3  2  2  2  1  3  4  1  4  2  1  2  2  2  1  1  1  1  2  4  1  2
[8025]  2  2  1  7  7  5  2  1  2  2  2  1  3  3  3  3  1  1  2  1  2  3  3  2  2  2  4  1  1  1  2  2  3  3
[8059]  2  2  1  2  2  2  2  5  2  3  3  3  2  1  1  1  1  2  1  1  1  3  2  2  2  2  1  6  1  1  1  1  1  2
[8093]  2  2  6  2  1  2  2  2  5  1  1  2  2  2  1  1  2  3  6  1  1  1  1  2  4  4  1  3  3  6  7  2  2  2
[8127]  2  2  3  3  3  1  1  5  4  1  1  4  1  2  2  6  2  2  2  1  3  2  2  2  2  2  2  1  3  2  1  3  3  2
[8161]  2  2  3  3  4  2  2  3  3  2  2  3  5  2  2  1  2  6  2  2  3  2  2  1  2  2 10  1  2  7  2  1  1  1
[8195]  1  3  2  2  2  3  2  2  1  2  1  2  2  2  4  2  2  3  4  2  3  2  2  3  1  2  2  2  1  3  2  2  2  4
[8229]  1  2  2  2  2  3  2  2  2  1  6  2  2  2  3  2  4  4  4  1  1  6  9  9  3  2  1  4  1  1  2  1  1  6
[8263]  2  4  2  2  3  1  1  1  2  3  1  1  1  2  4  1  2  2  2  2  2  2  4  2  4  4  6  3  2  1  1  1  5  5
[8297]  3  3  3  2  2  3  2  2  2  4  4  1  1  2  1  9  8 10  2  2  1  1  1  2  2  4  6  2  6  6  6  5  5  7
[8331]  1  1  4  4  3  1  2  2  2  1  2  6  2  2  2  1  2  2  2  3  4  1  4  2  5  2  1  2  6  2  1  4  6  3
[8365]  2  3  6  2  2  2  1  1  4  6  5  1  1  2  1  1  2  1  2  4  3  8  9  4  2  2  2  2  5  1  4  4  4  3
[8399]  1  1  6  1  6  5  4  1  1  2  3  2  2  2  1  2  2  2  2  4  4  2  1  1  2  2  2  2  1  1  2  1  1  3
[8433]  1  2  2  1  2  2  2  6  5  1  1  1  6  2  2  2  1  4  1  2  1  2  2  2  6  4  3  2  6  2  3  1  2  2
[8467]  2  5  2  2  2  1  2  2  2  2  1  2  2  2  2  1  1  2  2  2  2  4  4  1  4  3  3  2  1  1  2  2  2  2
[8501]  1  3  2  3  2  1  2  6  3  6  5  5  2  1  1  1  4  1  3  1  2  2  4  4  3  3  3  1  6  1  1  2  1  3
[8535]  3  3  1  3  2  2  1  1  2  2  2  2  3  1  2  2  2  6  2  1  1  1  6  2  1  2  3  4  2  2  2  2  2  1
[8569]  1  1  2  5  2  1  2  2  2  1  2  1  1  1  1  1  4  4  4  2  2  2  1  3  5  2  2  3  3  3  2  6  6  1
[8603]  2  1  2  2  2  2  2  2  2  2  3  1  1  2  2  2  2  2  3  3  2  2  2  3  6  2  1  2  2  6  2  1  2  3
[8637]  5  2  2  2  3  2  2  2  2  3  1  2  2  2  1  2  2  2  2  2  1  1  2  2  6  2  2  3  2  2  2  2  5  2
[8671]  2  2  2  2  4  5  6  1  3  2  2  2  1  2  6  4  1  2  1  1  4  1  6  6  6  1  5  4  1  3  1  2  2  2
[8705]  6  5  6  4  4  2  3  2  1  1  1  3  2  1  4  2  2  1  2  1  2  2  2  9  1  4  3  3  3  2  1  4  1  6
[8739]  1  6  3  3  2  2  2  2  2  4  1  2  1  3  2  1  2  2  2  1  1  1  2  1  2  2  2  3  5  2  2  3  6  2
[8773]  1  1  2  2  4  6  4  2  1  3  3  2  3  3  2  2  2  2  2  2  2  2  4  5  7  5  2  2  2  6  5  2  1  2
[8807]  2  2  2  2  2  6  5  5  3  2  2  2  1  2  2  1  3  1  2  2  4  2  2  2  2  2  2  1  2  6  3  1  1  1
[8841]  1  1  1  2  2  3  2  2  2  2  2  2  2  2  2  1  2  1  4  1  1  4  4  4  2  4  4  1  1  2  2  2  2  2
[8875]  3  2  2  1  4  6  4  6  5  2  2  1  2  2  2  3  2  2  2  3  2  2  2  2  4  3  2  2  2  6  2  2  2  1
[8909]  1  4  1  3  1  1  1  1  3  3  2  2  2  1  2  2  2  2  3  2  2  2  2  2  2  1  1  2  3  4  1  1  2  2
[8943]  2  2  2  1  2  1  1  2  1  1  6  4  1  2  2  2  1  3  1  2  2  2  2  2  2  2  6  1  2  2  2  3  2  2
[8977]  2  2  2  2  2  2  2  1  3  2  2  2  6  2  2  1  1  1  3  2  2  2  2  1  1  1  1  1  1  7  2  2  2  1
[9011]  2  2  2  5  3  6  6  1  4  2  5  5  7  3  2  2  2  2  3  2  1  1  1  3  1  2  2  2  6  2  2  2  3  2
[9045]  1  1  1  2  4  2  2  2  2  2  2  2  3  1  4  6  4  3  3  2  1  1  2  1  2  2  2  6  2  3  2  2  3  2
[9079]  2  2  2  3  2  2  2  3  2  3  2  2  2  6  1  1  1  3  2  2  3  2  2  1  2  2  1  6  2  2  2  3  1  1
[9113]  1  2  3  2  2  2  3  2  2  2  3  3  3  3  3  4  2  2  2  2  2  9 10  7  2  4  7  5  5  7  7  6  2  2
[9147]  2  2  1  1  2  1  1  2  6  1  1  2  2  2  2  2  6  1  2  2  2  4  1  6  6  3  1  2  2  2  2  2  2  1
[9181]  1  3  2  6  6  9  4  1  1  2  1  2  2  2  2  2  2  2  3  2  2  2  2  1  1  1  2  2  2  1  4  3  3  3
[9215]  2  1  2  2  2  1  2  2  1  2  2  2  3  2  2  2  2  2  2  2  3  4  4  2  2  2  3  2  2  2  2  5  8  9
[9249]  2  5  7  9  2  2  2  2  5  2  2  1  3  2  4  2  1  1  5  2  1  4  3  3  2  2  2  2  2  2  2  3  2  2
[9283]  1  3  1  1  1  3  3  3  3  3  2  2  2  4  2  1  2  2  2  2  2  2  2  2  2  2  2  1  2  2  2  6  1  1
[9317]  1  2  2  2  1  1  1  1  2  2  2  2  2  2  2  2  1  3  3  3  4  6  4  4  6  7  1  4  4  2  3  2  2  2
[9351]  5 10  8  1  4  6  1  2  2  2  2  1  1  3  2  3  1  1  2  2  2  2  2  2  2  2  2  2  4  6  2  2  2  1
[9385]  6  5  2  1  4  2  2  2  4  4  4  3  2  1  3  2  2  2  2  1  3  2  3  2  2  1  2  3  2  2  2  2  2  1
[9419]  2  3  3  3  2  2  1  2  2  2  5  3  3  2  2  2  2  3  3  2  1  5  2  2  2  2  2  3  2  2  2  6  4  5
[9453]  9  2  1  1  2  2  1  2  1  1  1  2  2  1  1  1  1  2  1  2  2  2  2  2  2  2  5 10  2  2  2  2  5  7
[9487]  2  1  2  2  2  1  2  2  3  2  3  2  2  2  2  2  2  1  2  2  1  1  4  4  6  2  2  3  3  1  2  2  2  1
[9521]  2  2  2  2  2  2  7  2  2  2  1  1  2  3  2  3  2  2  2  1  2  2  2  2  1  1  3  2  2  4  3  1  3  2
[9555]  1  2  3  1  2  3  2  3  3  3  3  3  2  2  3  3  2  2  3  3  3  2  3  3  3  3  3  3  3  3  3  3  2  2
